<?xml version="1.0" encoding="utf-8"?>
<COLLADA xmlns="http://www.collada.org/2005/11/COLLADASchema" version="1.4.1">
  <asset><contributor><author>Mixamo</author><authoring_tool>COLLADA Mixamo exporter</authoring_tool><comments></comments></contributor><created>2021-05-08T16:40:25Z</created><modified>2021-05-08T16:40:25Z</modified><revision></revision><title></title><unit meter="0.010000"/><up_axis>Y_UP</up_axis></asset>
  <library_animations>
    <animation id="mixamorig_Hips-anim" name="mixamorig_Hips"><source id="mixamorig_Hips-Matrix-animation-input"><float_array id="mixamorig_Hips-Matrix-animation-input-array" count="321">

0.000000 0.033333 0.066667 0.100000 0.133333 0.166667 0.200000 0.233333 0.266667 0.300000 0.333333 0.366667 0.400000 0.433333 0.466667 0.500000
0.533333 0.566667 0.600000 0.633333 0.666667 0.700000 0.733333 0.766667 0.800000 0.833333 0.866667 0.900000 0.933333 0.966667 1.000000 1.033333
1.066667 1.100000 1.133333 1.166667 1.200000 1.233333 1.266667 1.300000 1.333333 1.366667 1.400000 1.433333 1.466667 1.500000 1.533333 1.566667
1.600000 1.633333 1.666667 1.700000 1.733333 1.766667 1.800000 1.833333 1.866667 1.900000 1.933333 1.966667 2.000000 2.033333 2.066667 2.100000
2.133333 2.166667 2.200000 2.233333 2.266667 2.300000 2.333333 2.366667 2.400000 2.433333 2.466667 2.500000 2.533333 2.566667 2.600000 2.633333
2.666667 2.700000 2.733333 2.766667 2.800000 2.833333 2.866667 2.900000 2.933333 2.966667 3.000000 3.033333 3.066667 3.100000 3.133333 3.166667
3.200000 3.233333 3.266667 3.300000 3.333333 3.366667 3.400000 3.433333 3.466667 3.500000 3.533333 3.566667 3.600000 3.633333 3.666667 3.700000
3.733333 3.766667 3.800000 3.833333 3.866667 3.900000 3.933333 3.966667 4.000000 4.033333 4.066667 4.100000 4.133333 4.166667 4.200000 4.233333
4.266667 4.300000 4.333333 4.366667 4.400000 4.433333 4.466667 4.500000 4.533333 4.566667 4.600000 4.633333 4.666667 4.700000 4.733333 4.766667
4.800000 4.833333 4.866667 4.900000 4.933333 4.966667 5.000000 5.033333 5.066667 5.100000 5.133333 5.166667 5.200000 5.233333 5.266667 5.300000
5.333333 5.366667 5.400000 5.433333 5.466667 5.500000 5.533333 5.566667 5.600000 5.633333 5.666667 5.700000 5.733333 5.766667 5.800000 5.833333
5.866667 5.900000 5.933333 5.966667 6.000000 6.033333 6.066667 6.100000 6.133333 6.166667 6.200000 6.233333 6.266667 6.300000 6.333333 6.366667
6.400000 6.433333 6.466667 6.500000 6.533333 6.566667 6.600000 6.633333 6.666667 6.700000 6.733333 6.766667 6.800000 6.833333 6.866667 6.900000
6.933333 6.966667 7.000000 7.033333 7.066667 7.100000 7.133333 7.166667 7.200000 7.233333 7.266667 7.300000 7.333333 7.366667 7.400000 7.433333
7.466667 7.500000 7.533333 7.566667 7.600000 7.633333 7.666667 7.700000 7.733333 7.766667 7.800000 7.833333 7.866667 7.900000 7.933333 7.966667
8.000000 8.033333 8.066667 8.100000 8.133333 8.166667 8.200000 8.233333 8.266667 8.300000 8.333333 8.366667 8.400000 8.433333 8.466667 8.500000
8.533333 8.566667 8.600000 8.633333 8.666667 8.700000 8.733333 8.766667 8.800000 8.833333 8.866667 8.900000 8.933333 8.966667 9.000000 9.033333
9.066667 9.100000 9.133333 9.166667 9.200000 9.233333 9.266667 9.300000 9.333333 9.366667 9.400000 9.433333 9.466667 9.500000 9.533333 9.566667
9.600000 9.633333 9.666667 9.700000 9.733333 9.766667 9.800000 9.833333 9.866667 9.900000 9.933333 9.966667 10.000000 10.033333 10.066667 10.100000
10.133333 10.166667 10.200000 10.233333 10.266667 10.300000 10.333333 10.366667 10.400000 10.433333 10.466667 10.500000 10.533333 10.566667 10.600000 10.633333
10.666667</float_array><technique_common><accessor source="#mixamorig_Hips-Matrix-animation-input-array" count="321"><param name="TIME" type="float"/></accessor></technique_common></source><source id="mixamorig_Hips-Matrix-animation-output-transform"><float_array id="mixamorig_Hips-Matrix-animation-output-transform-array" count="5136">

0.999453 0.007380 0.032234 -0.116364 -0.010539 0.995037 0.098943 97.383766 -0.031344 -0.099228 0.994571 0.414536 0.000000 0.000000 0.000000 1.000000
0.999548 0.007585 0.029089 -0.145689 -0.010448 0.994978 0.099551 97.363647 -0.028187 -0.099810 0.994607 0.463250 0.000000 0.000000 0.000000 1.000000
0.999633 0.007723 0.025977 -0.178495 -0.010294 0.994902 0.100322 97.355743 -0.025069 -0.100552 0.994616 0.585049 0.000000 0.000000 0.000000 1.000000
0.999699 0.007887 0.023237 -0.208296 -0.010198 0.994825 0.101091 97.357155 -0.022319 -0.101298 0.994606 0.803751 0.000000 0.000000 0.000000 1.000000
0.999746 0.008048 0.021032 -0.228722 -0.010149 0.994756 0.101775 97.354935 -0.020103 -0.101963 0.994585 1.122026 0.000000 0.000000 0.000000 1.000000
0.999780 0.008081 0.019367 -0.235674 -0.010021 0.994706 0.102273 97.341537 -0.018438 -0.102445 0.994568 1.524039 0.000000 0.000000 0.000000 1.000000
0.999801 0.007927 0.018310 -0.229851 -0.009765 0.994678 0.102571 97.322289 -0.017400 -0.102729 0.994557 2.002720 0.000000 0.000000 0.000000 1.000000
0.999807 0.007628 0.018080 -0.214394 -0.009446 0.994664 0.102731 97.303093 -0.017200 -0.102882 0.994545 2.567462 0.000000 0.000000 0.000000 1.000000
0.999798 0.007209 0.018778 -0.190767 -0.009103 0.994660 0.102808 97.276627 -0.017937 -0.102958 0.994524 3.233680 0.000000 0.000000 0.000000 1.000000
0.999772 0.006668 0.020294 -0.159580 -0.008724 0.994647 0.102961 97.227112 -0.019498 -0.103114 0.994478 4.014330 0.000000 0.000000 0.000000 1.000000
0.999727 0.006087 0.022550 -0.124390 -0.008394 0.994577 0.103668 97.152863 -0.021797 -0.103829 0.994356 4.917158 0.000000 0.000000 0.000000 1.000000
0.999657 0.005551 0.025602 -0.090131 -0.008226 0.994376 0.105591 97.084557 -0.024872 -0.105766 0.994080 5.939395 0.000000 0.000000 0.000000 1.000000
0.999561 0.004966 0.029224 -0.054587 -0.008123 0.994017 0.108919 97.074036 -0.028508 -0.109108 0.993621 7.061548 0.000000 0.000000 0.000000 1.000000
0.999464 0.003891 0.032503 -0.007241 -0.007535 0.993593 0.112764 97.165039 -0.031856 -0.112948 0.993090 8.236679 0.000000 0.000000 0.000000 1.000000
0.999409 0.002192 0.034318 0.044609 -0.006143 0.993293 0.115464 97.357193 -0.033835 -0.115606 0.992719 9.408199 0.000000 0.000000 0.000000 1.000000
0.999406 0.000875 0.034455 0.104447 -0.004861 0.993263 0.115776 97.645752 -0.034122 -0.115875 0.992678 10.535108 0.000000 0.000000 0.000000 1.000000
0.999438 -0.000014 0.033536 0.154277 -0.003805 0.993493 0.113829 98.000710 -0.033319 -0.113893 0.992934 11.585029 0.000000 0.000000 0.000000 1.000000
0.999462 -0.000289 0.032785 0.191655 -0.003348 0.993836 0.110810 98.429047 -0.032615 -0.110861 0.993301 12.537548 0.000000 0.000000 0.000000 1.000000
0.999454 -0.000119 0.033033 0.224101 -0.003444 0.994171 0.107759 98.931923 -0.032853 -0.107814 0.993628 13.376694 0.000000 0.000000 0.000000 1.000000
0.999410 0.000057 0.034348 0.257225 -0.003658 0.994486 0.104808 99.488312 -0.034152 -0.104872 0.993899 14.095376 0.000000 0.000000 0.000000 1.000000
0.999340 -0.000144 0.036327 0.289503 -0.003544 0.994835 0.101439 100.050339 -0.036154 -0.101501 0.994178 14.695504 0.000000 0.000000 0.000000 1.000000
0.999260 -0.000852 0.038461 0.317164 -0.002890 0.995266 0.097150 100.564133 -0.038361 -0.097190 0.994526 15.186740 0.000000 0.000000 0.000000 1.000000
0.999186 -0.001917 0.040303 0.340525 -0.001794 0.995772 0.091840 100.988617 -0.040309 -0.091837 0.994958 15.579081 0.000000 0.000000 0.000000 1.000000
0.999132 -0.003105 0.041529 0.362694 -0.000471 0.996310 0.085825 101.300926 -0.041642 -0.085770 0.995444 15.875505 0.000000 0.000000 0.000000 1.000000
0.999108 -0.004258 0.042006 0.383193 0.000898 0.996820 0.079676 101.499077 -0.042211 -0.079567 0.995935 16.073439 0.000000 0.000000 0.000000 1.000000
0.999110 -0.005280 0.041845 0.396055 0.002174 0.997261 0.073937 101.595970 -0.042121 -0.073780 0.996385 16.173122 0.000000 0.000000 0.000000 1.000000
0.999129 -0.006091 0.041293 0.394535 0.003236 0.997621 0.068864 101.611259 -0.041614 -0.068670 0.996771 16.184134 0.000000 0.000000 0.000000 1.000000
0.999156 -0.006595 0.040545 0.376669 0.003973 0.997915 0.064417 101.565865 -0.040886 -0.064202 0.997099 16.122665 0.000000 0.000000 0.000000 1.000000
0.999190 -0.006666 0.039675 0.345341 0.004257 0.998160 0.060492 101.479752 -0.040005 -0.060274 0.997380 16.001822 0.000000 0.000000 0.000000 1.000000
0.999232 -0.006226 0.038679 0.304706 0.004011 0.998361 0.057085 101.368904 -0.038971 -0.056886 0.997620 15.825415 0.000000 0.000000 0.000000 1.000000
0.999283 -0.005374 0.037475 0.258956 0.003336 0.998523 0.054236 101.239059 -0.037711 -0.054072 0.997825 15.591103 0.000000 0.000000 0.000000 1.000000
0.999348 -0.004348 0.035854 0.212848 0.002480 0.998645 0.051977 101.080284 -0.036032 -0.051854 0.998004 15.297297 0.000000 0.000000 0.000000 1.000000
0.999429 -0.003305 0.033622 0.168882 0.001607 0.998728 0.050400 100.871315 -0.033746 -0.050317 0.998163 14.944388 0.000000 0.000000 0.000000 1.000000
0.999520 -0.002172 0.030902 0.122072 0.000636 0.998768 0.049626 100.597267 -0.030972 -0.049583 0.998290 14.529733 0.000000 0.000000 0.000000 1.000000
0.999603 -0.000833 0.028146 0.062678 -0.000564 0.998771 0.049568 100.267082 -0.028153 -0.049565 0.998374 14.043940 0.000000 0.000000 0.000000 1.000000
0.999670 0.000576 0.025699 -0.012170 -0.001858 0.998753 0.049888 99.911957 -0.025638 -0.049919 0.998424 13.473738 0.000000 0.000000 0.000000 1.000000
0.999721 0.001662 0.023551 -0.093656 -0.002846 0.998729 0.050324 99.559021 -0.023437 -0.050377 0.998455 12.807810 0.000000 0.000000 0.000000 1.000000
0.999762 0.002215 0.021717 -0.171004 -0.003319 0.998697 0.050923 99.236275 -0.021576 -0.050983 0.998466 12.043229 0.000000 0.000000 0.000000 1.000000
0.999784 0.002493 0.020627 -0.242223 -0.003559 0.998652 0.051789 98.952293 -0.020470 -0.051852 0.998445 11.179686 0.000000 0.000000 0.000000 1.000000
0.999780 0.002786 0.020808 -0.311152 -0.003882 0.998598 0.052785 98.704422 -0.020632 -0.052854 0.998389 10.218287 0.000000 0.000000 0.000000 1.000000
0.999745 0.002737 0.022395 -0.380223 -0.003936 0.998550 0.053683 98.469467 -0.022216 -0.053758 0.998307 9.169459 0.000000 0.000000 0.000000 1.000000
0.999680 0.001628 0.025258 -0.451527 -0.003005 0.998506 0.054561 98.197441 -0.025131 -0.054619 0.998191 8.065437 0.000000 0.000000 0.000000 1.000000
0.999568 -0.000261 0.029397 -0.530515 -0.001386 0.998432 0.055962 97.844925 -0.029366 -0.055978 0.998000 6.954102 0.000000 0.000000 0.000000 1.000000
0.999396 -0.001179 0.034733 -0.619309 -0.000864 0.998272 0.058749 97.446533 -0.034742 -0.058744 0.997668 5.880448 0.000000 0.000000 0.000000 1.000000
0.999178 0.000408 0.040544 -0.717271 -0.002992 0.997965 0.063690 97.137253 -0.040436 -0.063759 0.997146 4.877069 0.000000 0.000000 0.000000 1.000000
0.998961 0.003287 0.045444 -0.809460 -0.006507 0.997464 0.070879 97.007904 -0.045096 -0.071101 0.996449 3.990763 0.000000 0.000000 0.000000 1.000000
0.998817 0.005272 0.048332 -0.895918 -0.009105 0.996799 0.079424 97.065758 -0.047758 -0.079770 0.995669 3.266730 0.000000 0.000000 0.000000 1.000000
0.998794 0.004888 0.048848 -0.976240 -0.009169 0.996095 0.087809 97.213814 -0.048228 -0.088151 0.994939 2.715449 0.000000 0.000000 0.000000 1.000000
0.998879 0.002996 0.047249 -1.044270 -0.007472 0.995463 0.094852 97.330696 -0.046750 -0.095099 0.994369 2.304085 0.000000 0.000000 0.000000 1.000000
0.999034 0.001557 0.043925 -1.090165 -0.005967 0.994925 0.100444 97.359421 -0.043546 -0.100609 0.993973 1.978584 0.000000 0.000000 0.000000 1.000000
0.999229 0.001520 0.039235 -1.107535 -0.005647 0.994423 0.105310 97.323730 -0.038856 -0.105450 0.993665 1.707517 0.000000 0.000000 0.000000 1.000000
0.999431 0.002337 0.033660 -1.097563 -0.006031 0.993904 0.110080 97.282433 -0.033198 -0.110220 0.993353 1.499360 0.000000 0.000000 0.000000 1.000000
0.999609 0.003124 0.027772 -1.066950 -0.006290 0.993387 0.114640 97.275818 -0.027230 -0.114770 0.993019 1.381567 0.000000 0.000000 0.000000 1.000000
0.999755 0.003649 0.021828 -1.022241 -0.006209 0.992950 0.118372 97.304337 -0.021242 -0.118478 0.992729 1.369415 0.000000 0.000000 0.000000 1.000000
0.999869 0.004187 0.015649 -0.964968 -0.006048 0.992648 0.120883 97.340569 -0.015028 -0.120961 0.992543 1.453436 0.000000 0.000000 0.000000 1.000000
0.999946 0.004912 0.009189 -0.892116 -0.006001 0.992462 0.122407 97.356262 -0.008518 -0.122455 0.992438 1.609656 0.000000 0.000000 0.000000 1.000000
0.999979 0.005694 0.003093 -0.801587 -0.006032 0.992324 0.123519 97.342133 -0.002366 -0.123535 0.992337 1.818663 0.000000 0.000000 0.000000 1.000000
0.999979 0.006302 -0.001577 -0.696401 -0.006056 0.992188 0.124601 97.308861 0.002350 -0.124589 0.992206 2.077564 0.000000 0.000000 0.000000 1.000000
0.999969 0.006665 -0.004158 -0.583269 -0.006090 0.992057 0.125638 97.273392 0.004962 -0.125609 0.992067 2.399144 0.000000 0.000000 0.000000 1.000000
0.999965 0.006909 -0.004814 -0.469250 -0.006246 0.991958 0.126412 97.243362 0.005649 -0.126377 0.991966 2.801862 0.000000 0.000000 0.000000 1.000000
0.999964 0.007264 -0.004296 -0.361350 -0.006661 0.991918 0.126702 97.213707 0.005181 -0.126669 0.991932 3.300502 0.000000 0.000000 0.000000 1.000000
0.999964 0.007833 -0.003409 -0.266466 -0.007339 0.991954 0.126383 97.174026 0.004372 -0.126353 0.991976 3.901830 0.000000 0.000000 0.000000 1.000000
0.999962 0.008398 -0.002437 -0.188265 -0.008026 0.992048 0.125603 97.121170 0.003472 -0.125579 0.992078 4.604119 0.000000 0.000000 0.000000 1.000000
0.999964 0.008485 -0.000732 -0.125769 -0.008327 0.992129 0.124945 97.072334 0.001786 -0.124934 0.992163 5.397394 0.000000 0.000000 0.000000 1.000000
0.999966 0.007695 0.002984 -0.077624 -0.008008 0.992119 0.125046 97.066498 -0.001998 -0.125066 0.992146 6.264446 0.000000 0.000000 0.000000 1.000000
0.999939 0.005881 0.009400 -0.046282 -0.007016 0.992041 0.125718 97.148132 -0.008586 -0.125777 0.992021 7.173222 0.000000 0.000000 0.000000 1.000000
0.999843 0.003101 0.017459 -0.042135 -0.005270 0.992066 0.125610 97.326683 -0.016931 -0.125682 0.991926 8.086736 0.000000 0.000000 0.000000 1.000000
0.999689 0.000497 0.024923 -0.056786 -0.003564 0.992381 0.123155 97.583817 -0.024672 -0.123206 0.992074 8.980228 0.000000 0.000000 0.000000 1.000000
0.999562 -0.001854 0.029536 -0.083679 -0.001643 0.993021 0.117929 97.860504 -0.029548 -0.117926 0.992583 9.836470 0.000000 0.000000 0.000000 1.000000
0.999521 -0.003459 0.030762 -0.116449 0.000024 0.993826 0.110952 98.122925 -0.030956 -0.110898 0.993350 10.644944 0.000000 0.000000 0.000000 1.000000
0.999555 -0.004008 0.029572 -0.147850 0.000918 0.994602 0.103757 98.361740 -0.029829 -0.103683 0.994163 11.393325 0.000000 0.000000 0.000000 1.000000
0.999619 -0.003862 0.027322 -0.176079 0.001184 0.995249 0.097354 98.598053 -0.027568 -0.097284 0.994875 12.073647 0.000000 0.000000 0.000000 1.000000
0.999679 -0.003699 0.025065 -0.205686 0.001378 0.995761 0.091970 98.867912 -0.025299 -0.091906 0.995446 12.683765 0.000000 0.000000 0.000000 1.000000
0.999716 -0.003898 0.023498 -0.241787 0.001830 0.996172 0.087393 99.204369 -0.023748 -0.087325 0.995897 13.225665 0.000000 0.000000 0.000000 1.000000
0.999725 -0.004348 0.023027 -0.281440 0.002416 0.996524 0.083271 99.615921 -0.023309 -0.083192 0.996261 13.698606 0.000000 0.000000 0.000000 1.000000
0.999709 -0.004896 0.023614 -0.314075 0.003010 0.996852 0.079224 100.072502 -0.023927 -0.079130 0.996577 14.095907 0.000000 0.000000 0.000000 1.000000
0.999679 -0.005579 0.024717 -0.331159 0.003710 0.997175 0.075021 100.518005 -0.025066 -0.074905 0.996876 14.411183 0.000000 0.000000 0.000000 1.000000
0.999652 -0.006455 0.025569 -0.334553 0.004630 0.997481 0.070781 100.895981 -0.025961 -0.070638 0.997164 14.645906 0.000000 0.000000 0.000000 1.000000
0.999646 -0.007318 0.025592 -0.335486 0.005591 0.997746 0.066877 101.169342 -0.026024 -0.066710 0.997433 14.810026 0.000000 0.000000 0.000000 1.000000
0.999664 -0.007839 0.024699 -0.348745 0.006256 0.997960 0.063529 101.325562 -0.025146 -0.063353 0.997674 14.915922 0.000000 0.000000 0.000000 1.000000
0.999696 -0.007809 0.023407 -0.384709 0.006378 0.998141 0.060606 101.366882 -0.023837 -0.060438 0.997887 14.971202 0.000000 0.000000 0.000000 1.000000
0.999719 -0.007331 0.022548 -0.442752 0.006015 0.998304 0.057907 101.307106 -0.022934 -0.057755 0.998067 14.976799 0.000000 0.000000 0.000000 1.000000
0.999724 -0.006660 0.022529 -0.511021 0.005400 0.998441 0.055556 101.173134 -0.022864 -0.055419 0.998201 14.929255 0.000000 0.000000 0.000000 1.000000
0.999721 -0.005982 0.022853 -0.576491 0.004742 0.998533 0.053946 101.001801 -0.023143 -0.053823 0.998282 14.823199 0.000000 0.000000 0.000000 1.000000
0.999730 -0.005426 0.022609 -0.634876 0.004214 0.998570 0.053298 100.823914 -0.022866 -0.053188 0.998323 14.652467 0.000000 0.000000 0.000000 1.000000
0.999756 -0.005108 0.021495 -0.687670 0.003954 0.998565 0.053414 100.646011 -0.021737 -0.053316 0.998341 14.411697 0.000000 0.000000 0.000000 1.000000
0.999786 -0.004964 0.020093 -0.733886 0.003874 0.998537 0.053929 100.451622 -0.020331 -0.053839 0.998343 14.099365 0.000000 0.000000 0.000000 1.000000
0.999807 -0.004627 0.019085 -0.772427 0.003577 0.998497 0.054681 100.223465 -0.019309 -0.054603 0.998321 13.718950 0.000000 0.000000 0.000000 1.000000
0.999822 -0.003701 0.018503 -0.809336 0.002664 0.998441 0.055759 99.960617 -0.018681 -0.055699 0.998273 13.275130 0.000000 0.000000 0.000000 1.000000
0.999838 -0.002126 0.017886 -0.852382 0.001099 0.998361 0.057218 99.668793 -0.017979 -0.057189 0.998201 12.766507 0.000000 0.000000 0.000000 1.000000
0.999857 -0.000134 0.016901 -0.897270 -0.000862 0.998263 0.058906 99.358353 -0.016880 -0.058912 0.998120 12.183969 0.000000 0.000000 0.000000 1.000000
0.999876 0.002042 0.015589 -0.928714 -0.002983 0.998157 0.060613 99.042595 -0.015436 -0.060652 0.998040 11.514442 0.000000 0.000000 0.000000 1.000000
0.999891 0.004178 0.014150 -0.934100 -0.005052 0.998044 0.062310 98.745613 -0.013862 -0.062375 0.997957 10.750487 0.000000 0.000000 0.000000 1.000000
0.999902 0.005830 0.012755 -0.911721 -0.006635 0.997925 0.064049 98.489792 -0.012355 -0.064128 0.997865 9.897347 0.000000 0.000000 0.000000 1.000000
0.999912 0.006425 0.011582 -0.867720 -0.007173 0.997816 0.065668 98.265938 -0.011135 -0.065745 0.997774 8.971607 0.000000 0.000000 0.000000 1.000000
0.999924 0.005791 0.010895 -0.809695 -0.006508 0.997735 0.066949 98.029594 -0.010483 -0.067015 0.997697 7.996745 0.000000 0.000000 0.000000 1.000000
0.999929 0.004517 0.011028 -0.743815 -0.005260 0.997654 0.068263 97.743462 -0.010693 -0.068316 0.997606 7.001388 0.000000 0.000000 0.000000 1.000000
0.999919 0.003686 0.012189 -0.678604 -0.004539 0.997484 0.070745 97.434784 -0.011898 -0.070794 0.997420 6.020369 0.000000 0.000000 0.000000 1.000000
0.999892 0.003929 0.014137 -0.615822 -0.004984 0.997140 0.075416 97.207664 -0.013801 -0.075478 0.997052 5.094283 0.000000 0.000000 0.000000 1.000000
0.999860 0.004777 0.016060 -0.562736 -0.006080 0.996610 0.082043 97.106705 -0.015613 -0.082130 0.996499 4.272748 0.000000 0.000000 0.000000 1.000000
0.999840 0.005443 0.017055 -0.521613 -0.006942 0.996003 0.089049 97.134163 -0.016502 -0.089153 0.995881 3.586058 0.000000 0.000000 0.000000 1.000000
0.999844 0.005535 0.016744 -0.491508 -0.007095 0.995491 0.094593 97.221222 -0.016145 -0.094697 0.995375 3.030240 0.000000 0.000000 0.000000 1.000000
0.999866 0.005469 0.015435 -0.469395 -0.006951 0.995194 0.097677 97.294609 -0.014827 -0.097771 0.995099 2.573237 0.000000 0.000000 0.000000 1.000000
0.999890 0.005836 0.013662 -0.449994 -0.007151 0.995132 0.098288 97.328201 -0.013022 -0.098375 0.995064 2.175927 0.000000 0.000000 0.000000 1.000000
0.999909 0.006689 0.011738 -0.426852 -0.007796 0.995262 0.096916 97.341263 -0.011034 -0.096999 0.995223 1.817074 0.000000 0.000000 0.000000 1.000000
0.999923 0.007586 0.009775 -0.397143 -0.008473 0.995516 0.094216 97.361946 -0.009016 -0.094291 0.995504 1.502156 0.000000 0.000000 0.000000 1.000000
0.999935 0.008152 0.007912 -0.364211 -0.008838 0.995819 0.090919 97.397987 -0.007138 -0.090983 0.995827 1.252075 0.000000 0.000000 0.000000 1.000000
0.999944 0.008408 0.006410 -0.332792 -0.008937 0.996110 0.087667 97.435028 -0.005648 -0.087720 0.996129 1.085758 0.000000 0.000000 0.000000 1.000000
0.999948 0.008602 0.005508 -0.302801 -0.009038 0.996351 0.084865 97.453987 -0.004758 -0.084911 0.996377 1.013435 0.000000 0.000000 0.000000 1.000000
0.999947 0.008858 0.005239 -0.269500 -0.009262 0.996527 0.082751 97.448563 -0.004487 -0.082795 0.996557 1.041803 0.000000 0.000000 0.000000 1.000000
0.999944 0.009049 0.005403 -0.228943 -0.009459 0.996629 0.081492 97.427315 -0.004647 -0.081539 0.996659 1.178335 0.000000 0.000000 0.000000 1.000000
0.999943 0.009002 0.005796 -0.181880 -0.009443 0.996658 0.081135 97.402840 -0.005046 -0.081185 0.996686 1.428100 0.000000 0.000000 0.000000 1.000000
0.999941 0.008771 0.006412 -0.133245 -0.009265 0.996624 0.081578 97.379219 -0.005675 -0.081632 0.996646 1.791577 0.000000 0.000000 0.000000 1.000000
0.999936 0.008610 0.007347 -0.088957 -0.009188 0.996531 0.082714 97.349678 -0.006610 -0.082777 0.996546 2.270508 0.000000 0.000000 0.000000 1.000000
0.999926 0.008680 0.008569 -0.052865 -0.009374 0.996374 0.084561 97.302597 -0.007804 -0.084635 0.996381 2.873970 0.000000 0.000000 0.000000 1.000000
0.999911 0.008922 0.009933 -0.026141 -0.009755 0.996139 0.087242 97.233063 -0.009116 -0.087331 0.996138 3.613889 0.000000 0.000000 0.000000 1.000000
0.999892 0.009240 0.011421 -0.008604 -0.010241 0.995807 0.090909 97.155159 -0.010533 -0.091016 0.995794 4.491993 0.000000 0.000000 0.000000 1.000000
0.999869 0.009629 0.013035 0.001408 -0.010831 0.995363 0.095575 97.104813 -0.012054 -0.095703 0.995337 5.489184 0.000000 0.000000 0.000000 1.000000
0.999847 0.010000 0.014322 0.008244 -0.011394 0.994837 0.100843 97.123695 -0.013239 -0.100991 0.994799 6.566319 0.000000 0.000000 0.000000 1.000000
0.999847 0.009939 0.014415 0.016444 -0.011409 0.994326 0.105761 97.237747 -0.013282 -0.105909 0.994287 7.669893 0.000000 0.000000 0.000000 1.000000
0.999872 0.009325 0.013031 0.019424 -0.010692 0.993970 0.109127 97.454018 -0.011935 -0.109253 0.993942 8.747357 0.000000 0.000000 0.000000 1.000000
0.999903 0.008470 0.011021 0.019506 -0.009633 0.993867 0.110164 97.753769 -0.010020 -0.110260 0.993852 9.767457 0.000000 0.000000 0.000000 1.000000
0.999926 0.007558 0.009553 0.014847 -0.008554 0.994012 0.108934 98.116875 -0.008673 -0.109008 0.994003 10.710744 0.000000 0.000000 0.000000 1.000000
0.999935 0.006833 0.009175 0.007673 -0.007769 0.994318 0.106163 98.537270 -0.008397 -0.106228 0.994306 11.561696 0.000000 0.000000 0.000000 1.000000
0.999933 0.006339 0.009729 -0.002230 -0.007306 0.994675 0.102801 99.001999 -0.009026 -0.102865 0.994654 12.309318 0.000000 0.000000 0.000000 1.000000
0.999922 0.005881 0.011018 -0.018105 -0.006951 0.994993 0.099707 99.484154 -0.010377 -0.099776 0.994956 12.957423 0.000000 0.000000 0.000000 1.000000
0.999901 0.005232 0.013054 -0.041627 -0.006480 0.995217 0.097475 99.946075 -0.012482 -0.097550 0.995152 13.521933 0.000000 0.000000 0.000000 1.000000
0.999868 0.004318 0.015664 -0.069361 -0.005807 0.995336 0.096292 100.348671 -0.015175 -0.096371 0.995230 14.016907 0.000000 0.000000 0.000000 1.000000
0.999827 0.003266 0.018286 -0.094691 -0.005007 0.995370 0.095982 100.667870 -0.017887 -0.096057 0.995215 14.443540 0.000000 0.000000 0.000000 1.000000
0.999791 0.002227 0.020298 -0.113209 -0.004170 0.995354 0.096188 100.900955 -0.019989 -0.096252 0.995156 14.792090 0.000000 0.000000 0.000000 1.000000
0.999770 0.001230 0.021396 -0.125980 -0.003290 0.995327 0.096508 101.058594 -0.021177 -0.096556 0.995102 15.052498 0.000000 0.000000 0.000000 1.000000
0.999766 0.000273 0.021607 -0.137237 -0.002357 0.995328 0.096526 101.150536 -0.021480 -0.096554 0.995096 15.222222 0.000000 0.000000 0.000000 1.000000
0.999777 -0.000528 0.021108 -0.150285 -0.001498 0.995395 0.095850 101.177475 -0.021062 -0.095860 0.995172 15.305151 0.000000 0.000000 0.000000 1.000000
0.999797 -0.000967 0.020121 -0.167123 -0.000933 0.995552 0.094206 101.136490 -0.020122 -0.094205 0.995349 15.304192 0.000000 0.000000 0.000000 1.000000
0.999821 -0.000961 0.018894 -0.191320 -0.000772 0.995805 0.091502 101.031525 -0.018903 -0.091501 0.995626 15.215971 0.000000 0.000000 0.000000 1.000000
0.999843 -0.000713 0.017677 -0.227296 -0.000844 0.996131 0.087871 100.875473 -0.017671 -0.087872 0.995975 15.033248 0.000000 0.000000 0.000000 1.000000
0.999861 -0.000571 0.016646 -0.274376 -0.000825 0.996488 0.083735 100.682777 -0.016635 -0.083737 0.996349 14.752554 0.000000 0.000000 0.000000 1.000000
0.999875 -0.000611 0.015820 -0.324159 -0.000653 0.996813 0.079775 100.463165 -0.015819 -0.079775 0.996687 14.379422 0.000000 0.000000 0.000000 1.000000
0.999886 -0.000422 0.015067 -0.368269 -0.000733 0.997062 0.076594 100.221130 -0.015055 -0.076596 0.996949 13.925768 0.000000 0.000000 0.000000 1.000000
0.999897 0.000480 0.014328 -0.408717 -0.001543 0.997234 0.074314 99.956375 -0.014252 -0.074329 0.997132 13.401198 0.000000 0.000000 0.000000 1.000000
0.999901 0.002034 0.013898 -0.456467 -0.003038 0.997357 0.072600 99.662415 -0.013714 -0.072635 0.997264 12.806147 0.000000 0.000000 0.000000 1.000000
0.999892 0.003604 0.014272 -0.517567 -0.004610 0.997456 0.071130 99.327408 -0.013979 -0.071188 0.997365 12.133310 0.000000 0.000000 0.000000 1.000000
0.999868 0.004638 0.015562 -0.583201 -0.005715 0.997536 0.069917 98.951050 -0.015199 -0.069997 0.997431 11.375767 0.000000 0.000000 0.000000 1.000000
0.999839 0.005215 0.017164 -0.637266 -0.006390 0.997586 0.069145 98.549171 -0.016762 -0.069243 0.997459 10.528353 0.000000 0.000000 0.000000 1.000000
0.999819 0.005789 0.018137 -0.668990 -0.007025 0.997602 0.068860 98.166229 -0.017695 -0.068975 0.997461 9.587152 0.000000 0.000000 0.000000 1.000000
0.999819 0.006437 0.017883 -0.676885 -0.007655 0.997593 0.068922 97.855942 -0.017396 -0.069047 0.997462 8.555593 0.000000 0.000000 0.000000 1.000000
0.999843 0.006660 0.016398 -0.665292 -0.007780 0.997573 0.069199 97.636627 -0.015898 -0.069316 0.997468 7.451767 0.000000 0.000000 0.000000 1.000000
0.999884 0.006068 0.013958 -0.641667 -0.007029 0.997532 0.069864 97.478043 -0.013500 -0.069954 0.997459 6.315598 0.000000 0.000000 0.000000 1.000000
0.999927 0.005315 0.010821 -0.615005 -0.006077 0.997415 0.071600 97.350914 -0.010413 -0.071661 0.997375 5.197090 0.000000 0.000000 0.000000 1.000000
0.999961 0.005085 0.007158 -0.585083 -0.005609 0.997145 0.075307 97.238884 -0.006755 -0.075344 0.997135 4.148502 0.000000 0.000000 0.000000 1.000000
0.999978 0.005679 0.003306 -0.557042 -0.005929 0.996676 0.081254 97.169708 -0.002834 -0.081272 0.996688 3.214956 0.000000 0.000000 0.000000 1.000000
0.999979 0.006405 -0.000304 -0.531332 -0.006353 0.996052 0.088541 97.169907 0.000870 -0.088537 0.996073 2.427372 0.000000 0.000000 0.000000 1.000000
0.999974 0.006538 -0.003196 -0.510302 -0.006203 0.995399 0.095614 97.229889 0.003806 -0.095592 0.995413 1.793994 0.000000 0.000000 0.000000 1.000000
0.999970 0.006110 -0.004857 -0.497423 -0.005586 0.994831 0.101395 97.311157 0.005452 -0.101365 0.994834 1.297872 0.000000 0.000000 0.000000 1.000000
0.999972 0.005652 -0.004895 -0.494193 -0.005102 0.994365 0.105886 97.374878 0.005466 -0.105858 0.994366 0.905573 0.000000 0.000000 0.000000 1.000000
0.999979 0.005498 -0.003318 -0.497867 -0.005101 0.993940 0.109803 97.403595 0.003901 -0.109784 0.993948 0.587521 0.000000 0.000000 0.000000 1.000000
0.999984 0.005567 -0.000658 -0.503975 -0.005456 0.993491 0.113778 97.403488 0.001287 -0.113772 0.993506 0.332738 0.000000 0.000000 0.000000 1.000000
0.999982 0.005645 0.002247 -0.511348 -0.005871 0.993007 0.117909 97.392250 -0.001565 -0.117920 0.993022 0.147314 0.000000 0.000000 0.000000 1.000000
0.999973 0.005660 0.004692 -0.523549 -0.006190 0.992519 0.121931 97.384346 -0.003967 -0.121957 0.992528 0.042693 0.000000 0.000000 0.000000 1.000000
0.999963 0.005682 0.006389 -0.544693 -0.006440 0.992059 0.125606 97.383102 -0.005624 -0.125642 0.992060 0.025096 0.000000 0.000000 0.000000 1.000000
0.999956 0.005785 0.007324 -0.574448 -0.006681 0.991642 0.128850 97.383232 -0.006518 -0.128893 0.991637 0.090261 0.000000 0.000000 0.000000 1.000000
0.999954 0.005970 0.007487 -0.607902 -0.006903 0.991282 0.131575 97.376671 -0.006637 -0.131621 0.991278 0.224358 0.000000 0.000000 0.000000 1.000000
0.999957 0.006185 0.006944 -0.639388 -0.007057 0.991010 0.133605 97.358658 -0.006056 -0.133648 0.991010 0.412001 0.000000 0.000000 0.000000 1.000000
0.999961 0.006365 0.006187 -0.665359 -0.007141 0.990849 0.134786 97.332733 -0.005273 -0.134825 0.990855 0.646638 0.000000 0.000000 0.000000 1.000000
0.999961 0.006443 0.006098 -0.684645 -0.007208 0.990802 0.135125 97.308426 -0.005172 -0.135164 0.990810 0.934146 0.000000 0.000000 0.000000 1.000000
0.999953 0.006377 0.007262 -0.697945 -0.007298 0.990835 0.134883 97.287857 -0.006336 -0.134929 0.990835 1.286922 0.000000 0.000000 0.000000 1.000000
0.999937 0.006186 0.009393 -0.706931 -0.007394 0.990868 0.134636 97.252846 -0.008474 -0.134697 0.990851 1.717916 0.000000 0.000000 0.000000 1.000000
0.999914 0.005917 0.011677 -0.712824 -0.007441 0.990802 0.135118 97.178329 -0.010770 -0.135194 0.990761 2.241229 0.000000 0.000000 0.000000 1.000000
0.999891 0.005596 0.013645 -0.716004 -0.007409 0.990589 0.136672 97.067871 -0.012752 -0.136759 0.990522 2.873556 0.000000 0.000000 0.000000 1.000000
0.999867 0.005200 0.015450 -0.717297 -0.007297 0.990280 0.138897 96.967300 -0.014578 -0.138991 0.990186 3.629419 0.000000 0.000000 0.000000 1.000000
0.999838 0.004672 0.017384 -0.718861 -0.007081 0.989955 0.141206 96.922020 -0.016550 -0.141307 0.989828 4.513877 0.000000 0.000000 0.000000 1.000000
0.999801 0.003979 0.019532 -0.722239 -0.006746 0.989593 0.143733 96.927292 -0.018756 -0.143836 0.989424 5.521000 0.000000 0.000000 0.000000 1.000000
0.999755 0.003176 0.021916 -0.724526 -0.006365 0.989110 0.147040 96.958252 -0.021210 -0.147144 0.988888 6.635703 0.000000 0.000000 0.000000 1.000000
0.999699 0.002183 0.024431 -0.717037 -0.005839 0.988579 0.150593 97.033363 -0.023823 -0.150690 0.988294 7.831404 0.000000 0.000000 0.000000 1.000000
0.999649 0.000814 0.026466 -0.703279 -0.004833 0.988345 0.152152 97.192795 -0.026033 -0.152227 0.988003 9.055866 0.000000 0.000000 0.000000 1.000000
0.999630 -0.000283 0.027199 -0.670307 -0.003787 0.988756 0.149491 97.443855 -0.026935 -0.149538 0.988389 10.247100 0.000000 0.000000 0.000000 1.000000
0.999663 -0.001211 0.025929 -0.631069 -0.002498 0.989788 0.142528 97.762001 -0.025836 -0.142545 0.989451 11.347809 0.000000 0.000000 0.000000 1.000000
0.999731 -0.001509 0.023161 -0.591301 -0.001590 0.991082 0.133240 98.157234 -0.023155 -0.133241 0.990813 12.322486 0.000000 0.000000 0.000000 1.000000
0.999797 -0.001264 0.020097 -0.552405 -0.001232 0.992318 0.123705 98.644669 -0.020099 -0.123705 0.992116 13.160157 0.000000 0.000000 0.000000 1.000000
0.999839 -0.001171 0.017906 -0.515458 -0.000892 0.993394 0.114749 99.216507 -0.017922 -0.114747 0.993233 13.865783 0.000000 0.000000 0.000000 1.000000
0.999846 -0.001728 0.017441 -0.483771 -0.000134 0.994339 0.106251 99.830788 -0.017526 -0.106237 0.994186 14.455726 0.000000 0.000000 0.000000 1.000000
0.999815 -0.002740 0.019026 -0.462752 0.000862 0.995184 0.098020 100.422958 -0.019203 -0.097985 0.995003 14.950644 0.000000 0.000000 0.000000 1.000000
0.999751 -0.003604 0.022017 -0.455780 0.001605 0.995925 0.090168 100.938255 -0.022252 -0.090111 0.995683 15.366446 0.000000 0.000000 0.000000 1.000000
0.999687 -0.003965 0.024700 -0.460141 0.001902 0.996547 0.083011 101.356766 -0.024944 -0.082938 0.996243 15.710227 0.000000 0.000000 0.000000 1.000000
0.999675 -0.003857 0.025186 -0.468199 0.001910 0.997039 0.076879 101.691704 -0.025408 -0.076806 0.996722 15.984684 0.000000 0.000000 0.000000 1.000000
0.999735 -0.003547 0.022724 -0.476048 0.001904 0.997407 0.071945 101.969498 -0.022920 -0.071882 0.997150 16.195045 0.000000 0.000000 0.000000 1.000000
0.999828 -0.003169 0.018247 -0.488020 0.001920 0.997680 0.068054 102.200150 -0.018420 -0.068008 0.997515 16.349316 0.000000 0.000000 0.000000 1.000000
0.999905 -0.002724 0.013544 -0.512480 0.001841 0.997899 0.064761 102.376175 -0.013692 -0.064730 0.997809 16.456400 0.000000 0.000000 0.000000 1.000000
0.999949 -0.002185 0.009880 -0.550535 0.001572 0.998097 0.061638 102.491959 -0.009996 -0.061620 0.998050 16.526268 0.000000 0.000000 0.000000 1.000000
0.999972 -0.001599 0.007326 -0.590266 0.001167 0.998281 0.058596 102.558647 -0.007407 -0.058586 0.998255 16.571186 0.000000 0.000000 0.000000 1.000000
0.999986 -0.001099 0.005241 -0.615094 0.000805 0.998438 0.055859 102.601349 -0.005294 -0.055854 0.998425 16.603739 0.000000 0.000000 0.000000 1.000000
0.999994 -0.000801 0.003262 -0.617954 0.000625 0.998561 0.053633 102.643372 -0.003300 -0.053630 0.998555 16.631012 0.000000 0.000000 0.000000 1.000000
0.999998 -0.000706 0.001756 -0.605339 0.000614 0.998653 0.051884 102.692566 -0.001790 -0.051883 0.998652 16.652216 0.000000 0.000000 0.000000 1.000000
0.999999 -0.000748 0.001356 -0.587736 0.000679 0.998724 0.050488 102.740257 -0.001392 -0.050487 0.998724 16.664400 0.000000 0.000000 0.000000 1.000000
0.999997 -0.000920 0.002186 -0.569752 0.000810 0.998774 0.049498 102.771088 -0.002229 -0.049496 0.998772 16.670391 0.000000 0.000000 0.000000 1.000000
0.999993 -0.001268 0.003629 -0.550424 0.001088 0.998794 0.049081 102.775558 -0.003687 -0.049077 0.998788 16.679501 0.000000 0.000000 0.000000 1.000000
0.999987 -0.001759 0.004788 -0.530334 0.001522 0.998789 0.049174 102.755966 -0.004868 -0.049166 0.998779 16.701015 0.000000 0.000000 0.000000 1.000000
0.999985 -0.002225 0.005051 -0.515774 0.001973 0.998777 0.049400 102.722908 -0.005154 -0.049390 0.998766 16.738916 0.000000 0.000000 0.000000 1.000000
0.999988 -0.002443 0.004286 -0.515262 0.002228 0.998773 0.049472 102.688469 -0.004401 -0.049462 0.998766 16.791647 0.000000 0.000000 0.000000 1.000000
0.999994 -0.002254 0.002717 -0.531994 0.002116 0.998769 0.049549 102.663223 -0.002825 -0.049543 0.998768 16.852865 0.000000 0.000000 0.000000 1.000000
0.999998 -0.001616 0.000798 -0.560983 0.001574 0.998750 0.049962 102.656517 -0.000877 -0.049961 0.998751 16.911259 0.000000 0.000000 0.000000 1.000000
0.999999 -0.000605 -0.000912 -0.593993 0.000651 0.998715 0.050665 102.673271 0.000880 -0.050666 0.998715 16.954433 0.000000 0.000000 0.000000 1.000000
0.999998 0.000606 -0.001972 -0.625919 -0.000505 0.998687 0.051226 102.707253 0.002001 -0.051225 0.998685 16.978323 0.000000 0.000000 0.000000 1.000000
0.999996 0.001810 -0.002271 -0.655200 -0.001691 0.998677 0.051388 102.741119 0.002361 -0.051384 0.998676 16.992685 0.000000 0.000000 0.000000 1.000000
0.999994 0.002857 -0.001964 -0.680345 -0.002752 0.998676 0.051377 102.760849 0.002109 -0.051372 0.998677 17.012922 0.000000 0.000000 0.000000 1.000000
0.999992 0.003713 -0.001264 -0.699345 -0.003643 0.998664 0.051539 102.772316 0.001453 -0.051534 0.998670 17.044579 0.000000 0.000000 0.000000 1.000000
0.999990 0.004411 -0.000296 -0.712132 -0.004389 0.998646 0.051842 102.799614 0.000525 -0.051841 0.998655 17.076935 0.000000 0.000000 0.000000 1.000000
0.999987 0.004954 0.000871 -0.720666 -0.004992 0.998640 0.051901 102.860901 -0.000612 -0.051904 0.998652 17.092937 0.000000 0.000000 0.000000 1.000000
0.999984 0.005284 0.002172 -0.725711 -0.005388 0.998663 0.051419 102.945297 -0.001897 -0.051430 0.998675 17.085251 0.000000 0.000000 0.000000 1.000000
0.999979 0.005380 0.003565 -0.725604 -0.005553 0.998709 0.050496 103.017593 -0.003289 -0.050515 0.998718 17.063084 0.000000 0.000000 0.000000 1.000000
0.999973 0.005328 0.005071 -0.720303 -0.005573 0.998759 0.049500 103.044235 -0.004801 -0.049527 0.998761 17.044460 0.000000 0.000000 0.000000 1.000000
0.999964 0.005245 0.006704 -0.714855 -0.005566 0.998794 0.048771 103.018044 -0.006440 -0.048806 0.998787 17.043129 0.000000 0.000000 0.000000 1.000000
0.999952 0.005176 0.008341 -0.715805 -0.005575 0.998809 0.048473 102.963531 -0.008080 -0.048517 0.998790 17.060480 0.000000 0.000000 0.000000 1.000000
0.999940 0.005089 0.009725 -0.724405 -0.005556 0.998803 0.048604 102.919334 -0.009466 -0.048655 0.998771 17.085705 0.000000 0.000000 0.000000 1.000000
0.999931 0.004934 0.010653 -0.735538 -0.005451 0.998782 0.049043 102.911919 -0.010398 -0.049097 0.998740 17.102362 0.000000 0.000000 0.000000 1.000000
0.999927 0.004704 0.011148 -0.743475 -0.005251 0.998754 0.049622 102.939392 -0.010900 -0.049677 0.998706 17.098055 0.000000 0.000000 0.000000 1.000000
0.999924 0.004462 0.011457 -0.747239 -0.005032 0.998726 0.050219 102.975563 -0.011218 -0.050273 0.998673 17.071892 0.000000 0.000000 0.000000 1.000000
0.999920 0.004306 0.011899 -0.749701 -0.004905 0.998697 0.050788 102.989792 -0.011665 -0.050842 0.998639 17.033966 0.000000 0.000000 0.000000 1.000000
0.999910 0.004270 0.012701 -0.752127 -0.004916 0.998672 0.051293 102.967834 -0.012465 -0.051351 0.998603 16.996069 0.000000 0.000000 0.000000 1.000000
0.999895 0.004259 0.013875 -0.750756 -0.004971 0.998652 0.051672 102.918922 -0.013637 -0.051736 0.998568 16.960564 0.000000 0.000000 0.000000 1.000000
0.999876 0.004123 0.015196 -0.739605 -0.004906 0.998641 0.051890 102.866852 -0.014961 -0.051958 0.998537 16.918444 0.000000 0.000000 0.000000 1.000000
0.999859 0.003778 0.016337 -0.716105 -0.004623 0.998638 0.051968 102.833138 -0.016118 -0.052036 0.998515 16.858601 0.000000 0.000000 0.000000 1.000000
0.999848 0.003256 0.017146 -0.682772 -0.004142 0.998643 0.051920 102.824783 -0.016953 -0.051983 0.998504 16.777866 0.000000 0.000000 0.000000 1.000000
0.999838 0.002614 0.017785 -0.643473 -0.003531 0.998656 0.051702 102.834846 -0.017626 -0.051757 0.998504 16.681192 0.000000 0.000000 0.000000 1.000000
0.999826 0.001857 0.018546 -0.599779 -0.002806 0.998680 0.051289 102.852249 -0.018426 -0.051332 0.998512 16.574469 0.000000 0.000000 0.000000 1.000000
0.999810 0.000957 0.019487 -0.551889 -0.001945 0.998711 0.050725 102.869965 -0.019413 -0.050753 0.998523 16.459492 0.000000 0.000000 0.000000 1.000000
0.999793 -0.000062 0.020357 -0.501626 -0.000958 0.998745 0.050084 102.884613 -0.020335 -0.050093 0.998538 16.335146 0.000000 0.000000 0.000000 1.000000
0.999780 -0.001116 0.020931 -0.453022 0.000080 0.998779 0.049409 102.892197 -0.020961 -0.049397 0.998559 16.201302 0.000000 0.000000 0.000000 1.000000
0.999771 -0.002105 0.021294 -0.410451 0.001065 0.998811 0.048746 102.887177 -0.021371 -0.048712 0.998584 16.060175 0.000000 0.000000 0.000000 1.000000
0.999761 -0.002962 0.021642 -0.376736 0.001917 0.998837 0.048175 102.866257 -0.021760 -0.048122 0.998604 15.913821 0.000000 0.000000 0.000000 1.000000
0.999752 -0.003661 0.021947 -0.352363 0.002609 0.998854 0.047790 102.832733 -0.022097 -0.047721 0.998616 15.761436 0.000000 0.000000 0.000000 1.000000
0.999749 -0.004199 0.022025 -0.336186 0.003145 0.998859 0.047652 102.797127 -0.022200 -0.047571 0.998621 15.599363 0.000000 0.000000 0.000000 1.000000
0.999749 -0.004589 0.021930 -0.327059 0.003537 0.998852 0.047778 102.770294 -0.022124 -0.047688 0.998617 15.423325 0.000000 0.000000 0.000000 1.000000
0.999745 -0.004888 0.022055 -0.324633 0.003821 0.998832 0.048166 102.754982 -0.022265 -0.048069 0.998596 15.230064 0.000000 0.000000 0.000000 1.000000
0.999727 -0.005181 0.022796 -0.328563 0.004063 0.998800 0.048806 102.744278 -0.023021 -0.048700 0.998548 15.017397 0.000000 0.000000 0.000000 1.000000
0.999693 -0.005508 0.024172 -0.337348 0.004302 0.998757 0.049665 102.728462 -0.024416 -0.049545 0.998473 14.783334 0.000000 0.000000 0.000000 1.000000
0.999649 -0.005821 0.025836 -0.348358 0.004506 0.998705 0.050675 102.702156 -0.026097 -0.050540 0.998381 14.525627 0.000000 0.000000 0.000000 1.000000
0.999608 -0.006018 0.027348 -0.359135 0.004596 0.998650 0.051747 102.663170 -0.027622 -0.051601 0.998286 14.242467 0.000000 0.000000 0.000000 1.000000
0.999578 -0.006042 0.028410 -0.369441 0.004536 0.998595 0.052796 102.606293 -0.028689 -0.052644 0.998201 13.933520 0.000000 0.000000 0.000000 1.000000
0.999563 -0.005941 0.028945 -0.383123 0.004378 0.998545 0.053750 102.520210 -0.029222 -0.053600 0.998135 13.599401 0.000000 0.000000 0.000000 1.000000
