<?xml version="1.0" encoding="utf-8"?>
<COLLADA xmlns="http://www.collada.org/2005/11/COLLADASchema" version="1.4.1">
  <asset><contributor><author>Mixamo</author><authoring_tool>COLLADA Mixamo exporter</authoring_tool><comments></comments></contributor><created>2021-05-08T15:49:08Z</created><modified>2021-05-08T15:49:08Z</modified><revision></revision><title></title><unit meter="0.010000"/><up_axis>Y_UP</up_axis></asset>
  <library_animations>
    <animation id="Hips-anim" name="Hips"><source id="Hips-Matrix-animation-input"><float_array id="Hips-Matrix-animation-input-array" count="286">

0.000000 0.033333 0.066667 0.100000 0.133333 0.166667 0.200000 0.233333 0.266667 0.300000 0.333333 0.366667 0.400000 0.433333 0.466667 0.500000
0.533333 0.566667 0.600000 0.633333 0.666667 0.700000 0.733333 0.766667 0.800000 0.833333 0.866667 0.900000 0.933333 0.966667 1.000000 1.033333
1.066667 1.100000 1.133333 1.166667 1.200000 1.233333 1.266667 1.300000 1.333333 1.366667 1.400000 1.433333 1.466667 1.500000 1.533333 1.566667
1.600000 1.633333 1.666667 1.700000 1.733333 1.766667 1.800000 1.833333 1.866667 1.900000 1.933333 1.966667 2.000000 2.033333 2.066667 2.100000
2.133333 2.166667 2.200000 2.233333 2.266667 2.300000 2.333333 2.366667 2.400000 2.433333 2.466667 2.500000 2.533333 2.566667 2.600000 2.633333
2.666667 2.700000 2.733333 2.766667 2.800000 2.833333 2.866667 2.900000 2.933333 2.966667 3.000000 3.033333 3.066667 3.100000 3.133333 3.166667
3.200000 3.233333 3.266667 3.300000 3.333333 3.366667 3.400000 3.433333 3.466667 3.500000 3.533333 3.566667 3.600000 3.633333 3.666667 3.700000
3.733333 3.766667 3.800000 3.833333 3.866667 3.900000 3.933333 3.966667 4.000000 4.033333 4.066667 4.100000 4.133333 4.166667 4.200000 4.233333
4.266667 4.300000 4.333333 4.366667 4.400000 4.433333 4.466667 4.500000 4.533333 4.566667 4.600000 4.633333 4.666667 4.700000 4.733333 4.766667
4.800000 4.833333 4.866667 4.900000 4.933333 4.966667 5.000000 5.033333 5.066667 5.100000 5.133333 5.166667 5.200000 5.233333 5.266667 5.300000
5.333333 5.366667 5.400000 5.433333 5.466667 5.500000 5.533333 5.566667 5.600000 5.633333 5.666667 5.700000 5.733333 5.766667 5.800000 5.833333
5.866667 5.900000 5.933333 5.966667 6.000000 6.033333 6.066667 6.100000 6.133333 6.166667 6.200000 6.233333 6.266667 6.300000 6.333333 6.366667
6.400000 6.433333 6.466667 6.500000 6.533333 6.566667 6.600000 6.633333 6.666667 6.700000 6.733333 6.766667 6.800000 6.833333 6.866667 6.900000
6.933333 6.966667 7.000000 7.033333 7.066667 7.100000 7.133333 7.166667 7.200000 7.233333 7.266667 7.300000 7.333333 7.366667 7.400000 7.433333
7.466667 7.500000 7.533333 7.566667 7.600000 7.633333 7.666667 7.700000 7.733333 7.766667 7.800000 7.833333 7.866667 7.900000 7.933333 7.966667
8.000000 8.033333 8.066667 8.100000 8.133333 8.166667 8.200000 8.233333 8.266667 8.300000 8.333333 8.366667 8.400000 8.433333 8.466667 8.500000
8.533333 8.566667 8.600000 8.633333 8.666667 8.700000 8.733333 8.766667 8.800000 8.833333 8.866667 8.900000 8.933333 8.966667 9.000000 9.033333
9.066667 9.100000 9.133333 9.166667 9.200000 9.233333 9.266667 9.300000 9.333333 9.366667 9.400000 9.433333 9.466667 9.500000</float_array><technique_common><accessor source="#Hips-Matrix-animation-input-array" count="286"><param name="TIME" type="float"/></accessor></technique_common></source><source id="Hips-Matrix-animation-output-transform"><float_array id="Hips-Matrix-animation-output-transform-array" count="4576">

0.985117 0.155290 0.073689 -0.230258 -0.164937 0.974684 0.150951 71.525864 -0.048382 -0.160859 0.985791 0.359600 0.000000 0.000000 0.000000 1.000000
0.985124 0.154657 0.074909 -0.238175 -0.164573 0.974542 0.152263 71.519798 -0.049454 -0.162326 0.985497 0.348173 0.000000 0.000000 0.000000 1.000000
0.985240 0.153537 0.075689 -0.255488 -0.163700 0.974358 0.154367 71.509918 -0.050047 -0.164479 0.985110 0.318284 0.000000 0.000000 0.000000 1.000000
0.985429 0.152065 0.076202 -0.278946 -0.162464 0.974144 0.157000 71.494659 -0.050357 -0.167093 0.984654 0.276583 0.000000 0.000000 0.000000 1.000000
0.985619 0.150575 0.076703 -0.304100 -0.161215 0.973912 0.159702 71.474770 -0.050655 -0.169771 0.984181 0.233351 0.000000 0.000000 0.000000 1.000000
0.985766 0.149291 0.077315 -0.329229 -0.160184 0.973659 0.162260 71.453804 -0.051054 -0.172335 0.983714 0.192910 0.000000 0.000000 0.000000 1.000000
0.985870 0.148245 0.077995 -0.353263 -0.159394 0.973388 0.164647 71.435585 -0.051512 -0.174753 0.983264 0.153678 0.000000 0.000000 0.000000 1.000000
0.985951 0.147395 0.078580 -0.373509 -0.158769 0.973132 0.166752 71.421143 -0.051890 -0.176885 0.982863 0.113700 0.000000 0.000000 0.000000 1.000000
0.986033 0.146740 0.078783 -0.387435 -0.158245 0.972932 0.168407 71.408920 -0.051938 -0.178522 0.982564 0.073146 0.000000 0.000000 0.000000 1.000000
0.986134 0.146322 0.078298 -0.395649 -0.157807 0.972802 0.169567 71.397240 -0.051357 -0.179572 0.982403 0.034082 0.000000 0.000000 0.000000 1.000000
0.986255 0.146162 0.077060 -0.402549 -0.157464 0.972730 0.170297 71.386734 -0.050068 -0.180090 0.982375 0.000690 0.000000 0.000000 0.000000 1.000000
0.986375 0.146211 0.075412 -0.413834 -0.157230 0.972712 0.170619 71.379608 -0.048408 -0.180151 0.982447 -0.021390 0.000000 0.000000 0.000000 1.000000
0.986461 0.146388 0.073926 -0.432735 -0.157127 0.972759 0.170441 71.377426 -0.046962 -0.179750 0.982591 -0.027941 0.000000 0.000000 0.000000 1.000000
0.986489 0.146649 0.073025 -0.457886 -0.157187 0.972882 0.169682 71.379570 -0.046161 -0.178868 0.982790 -0.019727 0.000000 0.000000 0.000000 1.000000
0.986455 0.146993 0.072793 -0.484840 -0.157425 0.973067 0.168397 71.383751 -0.046079 -0.177576 0.983028 -0.003373 0.000000 0.000000 0.000000 1.000000
0.986369 0.147411 0.073116 -0.509020 -0.157815 0.973294 0.166714 71.387695 -0.046588 -0.175981 0.983291 0.012413 0.000000 0.000000 0.000000 1.000000
0.986243 0.147883 0.073865 -0.526881 -0.158315 0.973559 0.164680 71.391083 -0.047559 -0.174108 0.983577 0.022602 0.000000 0.000000 0.000000 1.000000
0.986089 0.148408 0.074862 -0.534844 -0.158891 0.973861 0.162322 71.397186 -0.048816 -0.171959 0.983894 0.028256 0.000000 0.000000 0.000000 1.000000
0.985927 0.149007 0.075793 -0.528926 -0.159518 0.974167 0.159852 71.411514 -0.050016 -0.169693 0.984227 0.034097 0.000000 0.000000 0.000000 1.000000
0.985779 0.149687 0.076377 -0.506862 -0.160176 0.974420 0.157638 71.436623 -0.050827 -0.167630 0.984539 0.045215 0.000000 0.000000 0.000000 1.000000
0.985642 0.150451 0.076647 -0.470350 -0.160886 0.974583 0.155897 71.468010 -0.051244 -0.165990 0.984795 0.065669 0.000000 0.000000 0.000000 1.000000
0.985488 0.151310 0.076929 -0.424727 -0.161714 0.974655 0.154583 71.496208 -0.051589 -0.164780 0.984980 0.097610 0.000000 0.000000 0.000000 1.000000
0.985302 0.152251 0.077450 -0.376545 -0.162681 0.974643 0.153639 71.513481 -0.052095 -0.163981 0.985087 0.138804 0.000000 0.000000 0.000000 1.000000
0.985106 0.153191 0.078099 -0.331500 -0.163694 0.974543 0.153197 71.518181 -0.052643 -0.163700 0.985105 0.181037 0.000000 0.000000 0.000000 1.000000
0.984936 0.154014 0.078615 -0.293527 -0.164603 0.974361 0.153385 71.512566 -0.052976 -0.164015 0.985034 0.213532 0.000000 0.000000 0.000000 1.000000
0.984809 0.154671 0.078922 -0.264022 -0.165341 0.974126 0.154083 71.499557 -0.053048 -0.164791 0.984901 0.229005 0.000000 0.000000 0.000000 1.000000
0.984708 0.155171 0.079194 -0.242269 -0.165934 0.973871 0.155055 71.482491 -0.053065 -0.165825 0.984727 0.226213 0.000000 0.000000 0.000000 1.000000
0.984613 0.155533 0.079666 -0.227734 -0.166433 0.973602 0.156204 71.466606 -0.053268 -0.167059 0.984507 0.207922 0.000000 0.000000 0.000000 1.000000
0.984510 0.155775 0.080466 -0.222374 -0.166879 0.973311 0.157532 71.457031 -0.053779 -0.168520 0.984230 0.178839 0.000000 0.000000 0.000000 1.000000
0.984386 0.155966 0.081597 -0.229043 -0.167338 0.973002 0.158949 71.453888 -0.054603 -0.170122 0.983909 0.145107 0.000000 0.000000 0.000000 1.000000
0.984232 0.156221 0.082957 -0.246866 -0.167899 0.972684 0.160300 71.451134 -0.055649 -0.171700 0.983576 0.113508 0.000000 0.000000 0.000000 1.000000
0.984055 0.156600 0.084340 -0.268551 -0.168583 0.972362 0.161528 71.441940 -0.056714 -0.173171 0.983258 0.088682 0.000000 0.000000 0.000000 1.000000
0.983886 0.157050 0.085467 -0.283480 -0.169293 0.972043 0.162700 71.424576 -0.057526 -0.174548 0.982967 0.070947 0.000000 0.000000 0.000000 1.000000
0.983765 0.157459 0.086102 -0.283794 -0.169877 0.971746 0.163866 71.402832 -0.057867 -0.175832 0.982718 0.056718 0.000000 0.000000 0.000000 1.000000
0.983707 0.157779 0.086171 -0.268499 -0.170271 0.971488 0.164981 71.382561 -0.057684 -0.176965 0.982525 0.041080 0.000000 0.000000 0.000000 1.000000
0.983693 0.158081 0.085778 -0.243415 -0.170555 0.971276 0.165933 71.368431 -0.057083 -0.177857 0.982399 0.020508 0.000000 0.000000 0.000000 1.000000
0.983688 0.158491 0.085085 -0.217938 -0.170872 0.971112 0.166567 71.362328 -0.056228 -0.178389 0.982352 -0.005861 0.000000 0.000000 0.000000 1.000000
0.983666 0.159096 0.084203 -0.200474 -0.171319 0.971008 0.166715 71.363083 -0.055238 -0.178417 0.982403 -0.036623 0.000000 0.000000 0.000000 1.000000
0.983619 0.159905 0.083214 -0.195134 -0.171916 0.970979 0.166264 71.367447 -0.054212 -0.177846 0.982564 -0.069945 0.000000 0.000000 0.000000 1.000000
0.983540 0.160872 0.082282 -0.201401 -0.172649 0.971023 0.165249 71.372437 -0.053314 -0.176735 0.982814 -0.104687 0.000000 0.000000 0.000000 1.000000
0.983419 0.161941 0.081622 -0.215626 -0.173513 0.971105 0.163856 71.378036 -0.052729 -0.175301 0.983102 -0.139041 0.000000 0.000000 0.000000 1.000000
0.983265 0.163064 0.081244 -0.232662 -0.174475 0.971186 0.162348 71.387222 -0.052430 -0.173806 0.983383 -0.168368 0.000000 0.000000 0.000000 1.000000
0.983116 0.164167 0.080821 -0.246514 -0.175419 0.971242 0.160988 71.402496 -0.052068 -0.172447 0.983642 -0.185553 0.000000 0.000000 0.000000 1.000000
0.983022 0.165121 0.080016 -0.251446 -0.176168 0.971277 0.159958 71.422272 -0.051305 -0.171339 0.983875 -0.184944 0.000000 0.000000 0.000000 1.000000
0.982994 0.165802 0.078948 -0.244637 -0.176624 0.971301 0.159305 71.440315 -0.050269 -0.170540 0.984068 -0.166272 0.000000 0.000000 0.000000 1.000000
0.982993 0.166188 0.078137 -0.228608 -0.176849 0.971317 0.158960 71.449722 -0.049479 -0.170075 0.984188 -0.135392 0.000000 0.000000 0.000000 1.000000
0.982977 0.166379 0.077932 -0.210017 -0.176999 0.971303 0.158877 71.447815 -0.049262 -0.169966 0.984218 -0.101733 0.000000 0.000000 0.000000 1.000000
0.982946 0.166471 0.078134 -0.194785 -0.177138 0.971233 0.159152 71.437500 -0.049393 -0.170278 0.984157 -0.074878 0.000000 0.000000 0.000000 1.000000
0.982942 0.166412 0.078303 -0.184561 -0.177149 0.971099 0.159955 71.425003 -0.049422 -0.171098 0.984014 -0.061258 0.000000 0.000000 0.000000 1.000000
0.983006 0.166028 0.078325 -0.178653 -0.176841 0.970931 0.161306 71.415710 -0.049267 -0.172416 0.983791 -0.062357 0.000000 0.000000 0.000000 1.000000
0.983129 0.165207 0.078517 -0.177915 -0.176146 0.970782 0.162958 71.411095 -0.049301 -0.174039 0.983504 -0.074858 0.000000 0.000000 0.000000 1.000000
0.983270 0.164038 0.079188 -0.184914 -0.175193 0.970680 0.164587 71.408401 -0.049868 -0.175706 0.983179 -0.093222 0.000000 0.000000 0.000000 1.000000
0.983399 0.162748 0.080242 -0.200094 -0.174185 0.970599 0.166125 71.403168 -0.050847 -0.177344 0.982835 -0.113394 0.000000 0.000000 0.000000 1.000000
0.983515 0.161515 0.081304 -0.220412 -0.173246 0.970478 0.167804 71.392365 -0.051801 -0.179123 0.982462 -0.134697 0.000000 0.000000 0.000000 1.000000
0.983624 0.160372 0.082252 -0.243023 -0.172394 0.970286 0.169778 71.376472 -0.052580 -0.181178 0.982044 -0.157732 0.000000 0.000000 0.000000 1.000000
0.983698 0.159262 0.083513 -0.268981 -0.171639 0.970067 0.171785 71.359848 -0.053654 -0.183319 0.981588 -0.180748 0.000000 0.000000 0.000000 1.000000
0.983691 0.158177 0.085629 -0.300871 -0.171046 0.969901 0.173309 71.348572 -0.055638 -0.185129 0.981138 -0.199845 0.000000 0.000000 0.000000 1.000000
0.983590 0.157209 0.088518 -0.337362 -0.170675 0.969829 0.174076 71.346573 -0.058481 -0.186327 0.980746 -0.213109 0.000000 0.000000 0.000000 1.000000
0.983446 0.156470 0.091383 -0.371461 -0.170494 0.969833 0.174232 71.353020 -0.061364 -0.186928 0.980455 -0.222550 0.000000 0.000000 0.000000 1.000000
0.983328 0.155991 0.093450 -0.393974 -0.170399 0.969881 0.174052 71.363441 -0.063485 -0.187074 0.980292 -0.230785 0.000000 0.000000 0.000000 1.000000
0.983257 0.155743 0.094604 -0.397625 -0.170344 0.969966 0.173636 71.373116 -0.064720 -0.186844 0.980255 -0.237005 0.000000 0.000000 0.000000 1.000000
0.983199 0.155769 0.095158 -0.378598 -0.170426 0.970077 0.172931 71.379875 -0.065373 -0.186243 0.980326 -0.237520 0.000000 0.000000 0.000000 1.000000
0.983120 0.156217 0.095244 -0.336738 -0.170818 0.970188 0.171922 71.384491 -0.065548 -0.185290 0.980495 -0.229866 0.000000 0.000000 0.000000 1.000000
0.983014 0.157203 0.094715 -0.276026 -0.171608 0.970273 0.170647 71.388947 -0.065073 -0.184002 0.980769 -0.215061 0.000000 0.000000 0.000000 1.000000
0.982890 0.158662 0.093566 -0.205315 -0.172731 0.970352 0.169060 71.395432 -0.063969 -0.182329 0.981154 -0.195616 0.000000 0.000000 0.000000 1.000000
0.982741 0.160367 0.092205 -0.137632 -0.174034 0.970476 0.166999 71.406494 -0.062701 -0.180164 0.981636 -0.171526 0.000000 0.000000 0.000000 1.000000
0.982560 0.162085 0.091124 -0.086387 -0.175371 0.970681 0.164389 71.425285 -0.061808 -0.177503 0.982177 -0.138861 0.000000 0.000000 0.000000 1.000000
0.982363 0.163650 0.090451 -0.059115 -0.176617 0.970939 0.161505 71.453583 -0.061392 -0.174632 0.982718 -0.093687 0.000000 0.000000 0.000000 1.000000
0.982194 0.164937 0.089951 -0.052863 -0.177644 0.971169 0.158973 71.488136 -0.061137 -0.172121 0.983177 -0.037753 0.000000 0.000000 0.000000 1.000000
0.982093 0.165818 0.089433 -0.056171 -0.178329 0.971299 0.157404 71.520103 -0.060765 -0.170534 0.983476 0.019740 0.000000 0.000000 0.000000 1.000000
0.982065 0.166216 0.088993 -0.057543 -0.178621 0.971317 0.156968 71.539627 -0.060349 -0.170048 0.983586 0.066907 0.000000 0.000000 0.000000 1.000000
0.982083 0.166161 0.088906 -0.053517 -0.178573 0.971270 0.157312 71.541656 -0.060213 -0.170370 0.983539 0.095956 0.000000 0.000000 0.000000 1.000000
0.982104 0.165741 0.089451 -0.049130 -0.178288 0.971224 0.157913 71.528770 -0.060705 -0.171035 0.983393 0.105785 0.000000 0.000000 0.000000 1.000000
0.982102 0.165029 0.090783 -0.050936 -0.177848 0.971215 0.158465 71.508850 -0.062019 -0.171775 0.983182 0.099097 0.000000 0.000000 0.000000 1.000000
0.982074 0.164106 0.092738 -0.060168 -0.177306 0.971232 0.158970 71.489960 -0.063982 -0.172563 0.982918 0.078894 0.000000 0.000000 0.000000 1.000000
0.982045 0.163142 0.094719 -0.072359 -0.176735 0.971244 0.159532 71.476440 -0.065968 -0.173408 0.982638 0.048507 0.000000 0.000000 0.000000 1.000000
0.982050 0.162314 0.096083 -0.082835 -0.176197 0.971239 0.160158 71.469223 -0.067324 -0.174212 0.982404 0.013939 0.000000 0.000000 0.000000 1.000000
0.982086 0.161643 0.096843 -0.091619 -0.175706 0.971234 0.160724 71.468513 -0.068077 -0.174861 0.982237 -0.015568 0.000000 0.000000 0.000000 1.000000
0.982100 0.161012 0.097745 -0.102704 -0.175266 0.971254 0.161085 71.474731 -0.068998 -0.175333 0.982088 -0.030657 0.000000 0.000000 0.000000 1.000000
0.982033 0.160394 0.099424 -0.118899 -0.174958 0.971295 0.161170 71.487282 -0.070719 -0.175669 0.981906 -0.025886 0.000000 0.000000 0.000000 1.000000
0.981880 0.159962 0.101609 -0.137783 -0.174903 0.971336 0.160983 71.503616 -0.072945 -0.175838 0.981713 -0.001605 0.000000 0.000000 0.000000 1.000000
0.981703 0.159889 0.103413 -0.152614 -0.175117 0.971371 0.160539 71.520523 -0.074784 -0.175711 0.981597 0.036421 0.000000 0.000000 0.000000 1.000000
0.981571 0.160116 0.104311 -0.156728 -0.175448 0.971424 0.159855 71.536179 -0.075735 -0.175210 0.981614 0.078384 0.000000 0.000000 0.000000 1.000000
0.981498 0.160391 0.104575 -0.147191 -0.175703 0.971514 0.159027 71.550270 -0.076089 -0.174459 0.981720 0.113396 0.000000 0.000000 0.000000 1.000000
0.981459 0.160515 0.104755 -0.125222 -0.175794 0.971631 0.158207 71.563339 -0.076389 -0.173689 0.981834 0.133883 0.000000 0.000000 0.000000 1.000000
0.981435 0.160506 0.104988 -0.094321 -0.175761 0.971772 0.157377 71.576797 -0.076764 -0.172909 0.981942 0.139810 0.000000 0.000000 0.000000 1.000000
0.981435 0.160562 0.104907 -0.058889 -0.175710 0.971972 0.156195 71.593498 -0.076887 -0.171729 0.982139 0.139146 0.000000 0.000000 0.000000 1.000000
0.981461 0.160899 0.104142 -0.023689 -0.175756 0.972282 0.154202 71.615997 -0.076444 -0.169646 0.982536 0.142900 0.000000 0.000000 0.000000 1.000000
0.981496 0.161563 0.102775 0.006799 -0.175954 0.972710 0.151249 71.643219 -0.075534 -0.166534 0.983138 0.158533 0.000000 0.000000 0.000000 1.000000
0.981516 0.162371 0.101304 0.029173 -0.176236 0.973213 0.147640 71.670486 -0.074617 -0.162765 0.983839 0.187965 0.000000 0.000000 0.000000 1.000000
0.981510 0.163040 0.100278 0.040760 -0.176447 0.973741 0.143859 71.694565 -0.074190 -0.158893 0.984504 0.230581 0.000000 0.000000 0.000000 1.000000
0.981483 0.163382 0.099983 0.039339 -0.176471 0.974256 0.140301 71.717194 -0.074487 -0.155347 0.985048 0.285326 0.000000 0.000000 0.000000 1.000000
0.981452 0.163372 0.100305 0.025001 -0.176279 0.974725 0.137246 71.742233 -0.075348 -0.152382 0.985445 0.348887 0.000000 0.000000 0.000000 1.000000
0.981456 0.163058 0.100777 0.002265 -0.175857 0.975132 0.134880 71.769989 -0.076277 -0.150101 0.985724 0.413532 0.000000 0.000000 0.000000 1.000000
0.981554 0.162453 0.100803 -0.021578 -0.175135 0.975483 0.133267 71.795425 -0.076682 -0.148462 0.985941 0.468594 0.000000 0.000000 0.000000 1.000000
0.981792 0.161509 0.099999 -0.041999 -0.174009 0.975803 0.132400 71.811821 -0.076195 -0.147390 0.986139 0.504232 0.000000 0.000000 0.000000 1.000000
0.982171 0.160201 0.098371 -0.061091 -0.172463 0.976085 0.132345 71.814857 -0.074817 -0.146950 0.986310 0.514536 0.000000 0.000000 0.000000 1.000000
0.982642 0.158594 0.096242 -0.085461 -0.170615 0.976294 0.133191 71.804245 -0.072837 -0.147300 0.986406 0.498945 0.000000 0.000000 0.000000 1.000000
0.983142 0.156814 0.094032 -0.119994 -0.168636 0.976415 0.134820 71.782951 -0.070672 -0.148404 0.986398 0.462478 0.000000 0.000000 0.000000 1.000000
0.983624 0.154953 0.092052 -0.163605 -0.166633 0.976479 0.136827 71.755829 -0.068685 -0.149925 0.986309 0.414143 0.000000 0.000000 0.000000 1.000000
0.984070 0.153081 0.090407 -0.210511 -0.164660 0.976536 0.138799 71.729103 -0.067038 -0.151475 0.986185 0.363246 0.000000 0.000000 0.000000 1.000000
0.984462 0.151349 0.089035 -0.254882 -0.162853 0.976580 0.140607 71.708351 -0.065669 -0.152922 0.986054 0.316773 0.000000 0.000000 0.000000 1.000000
0.984775 0.149980 0.087891 -0.292755 -0.161433 0.976566 0.142330 71.695175 -0.064485 -0.154352 0.985909 0.278989 0.000000 0.000000 0.000000 1.000000
0.984994 0.149019 0.087063 -0.320488 -0.160455 0.976491 0.143939 71.684319 -0.063566 -0.155749 0.985749 0.252063 0.000000 0.000000 0.000000 1.000000
0.985164 0.148170 0.086592 -0.334272 -0.159620 0.976443 0.145194 71.665871 -0.063039 -0.156861 0.985607 0.234680 0.000000 0.000000 0.000000 1.000000
0.985377 0.147032 0.086103 -0.333693 -0.158461 0.976523 0.145922 71.632515 -0.062626 -0.157432 0.985542 0.219878 0.000000 0.000000 0.000000 1.000000
0.985720 0.145513 0.084747 -0.324759 -0.156767 0.976735 0.146331 71.586723 -0.061482 -0.157527 0.985599 0.196903 0.000000 0.000000 0.000000 1.000000
0.986205 0.143861 0.081871 -0.318216 -0.154710 0.976978 0.146899 71.540497 -0.058854 -0.157539 0.985757 0.158430 0.000000 0.000000 0.000000 1.000000
0.986763 0.142272 0.077824 -0.324962 -0.152554 0.977162 0.147923 71.506607 -0.055001 -0.157837 0.985932 0.107327 0.000000 0.000000 0.000000 1.000000
0.987301 0.140646 0.073865 -0.353058 -0.150388 0.977294 0.149265 71.489319 -0.051194 -0.158477 0.986035 0.055319 0.000000 0.000000 0.000000 1.000000
0.987758 0.138822 0.071148 -0.406627 -0.148215 0.977427 0.150560 71.483711 -0.048641 -0.159262 0.986037 0.014123 0.000000 0.000000 0.000000 1.000000
0.988119 0.136888 0.069879 -0.483815 -0.146148 0.977581 0.151580 71.482025 -0.047563 -0.159992 0.985972 -0.011671 0.000000 0.000000 0.000000 1.000000
0.988395 0.135101 0.069447 -0.574879 -0.144348 0.977728 0.152355 71.479019 -0.047317 -0.160611 0.985883 -0.024164 0.000000 0.000000 0.000000 1.000000
0.988626 0.133538 0.069176 -0.665035 -0.142793 0.977843 0.153076 71.472092 -0.047202 -0.161213 0.985790 -0.028045 0.000000 0.000000 0.000000 1.000000
0.988863 0.131914 0.068918 -0.741255 -0.141186 0.977940 0.153950 71.460281 -0.047090 -0.161966 0.985672 -0.028009 0.000000 0.000000 0.000000 1.000000
0.989129 0.129804 0.069096 -0.797382 -0.139179 0.978062 0.154998 71.444954 -0.047461 -0.162930 0.985496 -0.027220 0.000000 0.000000 0.000000 1.000000
0.989400 0.127084 0.070272 -0.833734 -0.136730 0.978254 0.155963 71.431053 -0.048923 -0.163918 0.985260 -0.026030 0.000000 0.000000 0.000000 1.000000
0.989609 0.124108 0.072608 -0.853789 -0.134201 0.978514 0.156527 71.425194 -0.051622 -0.164644 0.985001 -0.022652 0.000000 0.000000 0.000000 1.000000
0.989717 0.121408 0.075630 -0.861249 -0.132037 0.978791 0.156637 71.431030 -0.055009 -0.165012 0.984756 -0.015975 0.000000 0.000000 0.000000 1.000000
0.989754 0.119271 0.078492 -0.858208 -0.130392 0.979028 0.156534 71.445465 -0.058176 -0.165165 0.984549 -0.006976 0.000000 0.000000 0.000000 1.000000
0.989788 0.117624 0.080520 -0.844638 -0.129096 0.979207 0.156486 71.460571 -0.060439 -0.165283 0.984393 0.002539 0.000000 0.000000 0.000000 1.000000
0.989866 0.116245 0.081567 -0.820137 -0.127912 0.979346 0.156588 71.469551 -0.061679 -0.165434 0.984290 0.011472 0.000000 0.000000 0.000000 1.000000
0.989983 0.115012 0.081886 -0.787178 -0.126758 0.979464 0.156790 71.470818 -0.062171 -0.165599 0.984232 0.019299 0.000000 0.000000 0.000000 1.000000
0.990124 0.113924 0.081704 -0.752972 -0.125668 0.979565 0.157035 71.467041 -0.062144 -0.165751 0.984208 0.024797 0.000000 0.000000 0.000000 1.000000
0.990291 0.112980 0.080992 -0.728215 -0.124635 0.979646 0.157355 71.462204 -0.061565 -0.165922 0.984215 0.025670 0.000000 0.000000 0.000000 1.000000
0.990488 0.112139 0.079740 -0.723942 -0.123623 0.979697 0.157830 71.459900 -0.060422 -0.166186 0.984242 0.019981 0.000000 0.000000 0.000000 1.000000
0.990677 0.111396 0.078416 -0.747938 -0.122704 0.979717 0.158423 71.461899 -0.059178 -0.166568 0.984253 0.008492 0.000000 0.000000 0.000000 1.000000
0.990784 0.110784 0.077941 -0.800490 -0.122048 0.979719 0.158916 71.466515 -0.058755 -0.166963 0.984211 -0.004991 0.000000 0.000000 0.000000 1.000000
0.990761 0.110244 0.078981 -0.870811 -0.121697 0.979741 0.159054 71.469429 -0.059847 -0.167196 0.984106 -0.015785 0.000000 0.000000 0.000000 1.000000
0.990652 0.109574 0.081252 -0.938690 -0.121398 0.979826 0.158756 71.468262 -0.062218 -0.167136 0.983969 -0.020486 0.000000 0.000000 0.000000 1.000000
0.990563 0.108589 0.083621 -0.983250 -0.120782 0.980000 0.158150 71.465813 -0.064775 -0.166757 0.983868 -0.017119 0.000000 0.000000 0.000000 1.000000
0.990584 0.107337 0.084978 -0.994254 -0.119722 0.980246 0.157429 71.468147 -0.066401 -0.166120 0.983867 -0.004323 0.000000 0.000000 0.000000 1.000000
0.990714 0.106105 0.085009 -0.977607 -0.118460 0.980513 0.156722 71.478615 -0.066723 -0.165336 0.983978 0.018154 0.000000 0.000000 0.000000 1.000000
0.990879 0.105221 0.084184 -0.950962 -0.117405 0.980741 0.156085 71.494705 -0.066139 -0.164545 0.984150 0.047737 0.000000 0.000000 0.000000 1.000000
0.990999 0.104872 0.083208 -0.933300 -0.116864 0.980889 0.155561 71.510788 -0.065304 -0.163885 0.984316 0.078774 0.000000 0.000000 0.000000 1.000000
0.991028 0.105068 0.082607 -0.935533 -0.116935 0.980940 0.155190 71.522293 -0.064727 -0.163457 0.984425 0.104777 0.000000 0.000000 0.000000 1.000000
0.990959 0.105666 0.082676 -0.956209 -0.117523 0.980903 0.154974 71.526573 -0.064721 -0.163289 0.984453 0.120891 0.000000 0.000000 0.000000 1.000000
0.990815 0.106387 0.083475 -0.982110 -0.118361 0.980820 0.154865 71.521461 -0.065398 -0.163322 0.984403 0.124545 0.000000 0.000000 0.000000 1.000000
0.990657 0.106882 0.084709 -0.993290 -0.119051 0.980744 0.154819 71.506104 -0.066531 -0.163457 0.984305 0.114940 0.000000 0.000000 0.000000 1.000000
0.990561 0.106904 0.085795 -0.972896 -0.119253 0.980714 0.154854 71.485016 -0.067586 -0.163623 0.984205 0.093636 0.000000 0.000000 0.000000 1.000000
0.990557 0.106542 0.086283 -0.918538 -0.118985 0.980724 0.154992 71.469162 -0.068107 -0.163794 0.984141 0.066217 0.000000 0.000000 0.000000 1.000000
0.990593 0.106265 0.086214 -0.846578 -0.118711 0.980730 0.155164 71.469482 -0.068064 -0.163938 0.984120 0.042090 0.000000 0.000000 0.000000 1.000000
0.990582 0.106596 0.085934 -0.783841 -0.118999 0.980681 0.155256 71.487701 -0.067724 -0.164020 0.984129 0.030724 0.000000 0.000000 0.000000 1.000000
0.990487 0.107680 0.085679 -0.752545 -0.120031 0.980553 0.155270 71.514778 -0.067293 -0.164077 0.984150 0.037101 0.000000 0.000000 0.000000 1.000000
0.990340 0.109166 0.085492 -0.760251 -0.121477 0.980361 0.155358 71.538254 -0.066853 -0.164242 0.984152 0.059911 0.000000 0.000000 0.000000 1.000000
0.990191 0.110541 0.085461 -0.799541 -0.122853 0.980143 0.155650 71.550522 -0.066558 -0.164622 0.984108 0.092441 0.000000 0.000000 0.000000 1.000000
0.990048 0.111561 0.085783 -0.853578 -0.123945 0.979937 0.156081 71.550613 -0.066650 -0.165160 0.984012 0.124532 0.000000 0.000000 0.000000 1.000000
0.989892 0.112332 0.086572 -0.901951 -0.124863 0.979765 0.156431 71.540703 -0.067248 -0.165659 0.983888 0.145375 0.000000 0.000000 0.000000 1.000000
0.989714 0.113013 0.087716 -0.925505 -0.125737 0.979634 0.156546 71.524712 -0.068238 -0.165965 0.983768 0.147655 0.000000 0.000000 0.000000 1.000000
0.989535 0.113605 0.088962 -0.911581 -0.126524 0.979546 0.156463 71.509933 -0.069367 -0.166082 0.983669 0.131314 0.000000 0.000000 0.000000 1.000000
0.989381 0.114126 0.090007 -0.859696 -0.127203 0.979485 0.156295 71.506226 -0.070324 -0.166084 0.983601 0.104564 0.000000 0.000000 0.000000 1.000000
0.989249 0.114855 0.090529 -0.783584 -0.127996 0.979417 0.156074 71.519150 -0.070740 -0.165983 0.983588 0.080616 0.000000 0.000000 0.000000 1.000000
0.989116 0.116171 0.090294 -0.705737 -0.129241 0.979295 0.155814 71.544472 -0.070324 -0.165788 0.983651 0.070627 0.000000 0.000000 0.000000 1.000000
0.988957 0.118153 0.089463 -0.646988 -0.131056 0.979075 0.155678 71.570053 -0.069197 -0.165684 0.983748 0.077127 0.000000 0.000000 0.000000 1.000000
0.988737 0.120478 0.088798 -0.617722 -0.133264 0.978737 0.155933 71.584106 -0.068124 -0.166011 0.983768 0.093178 0.000000 0.000000 0.000000 1.000000
0.988410 0.122724 0.089361 -0.614626 -0.135633 0.978293 0.156674 71.581848 -0.068194 -0.166978 0.983599 0.108551 0.000000 0.000000 0.000000 1.000000
0.987947 0.124692 0.091720 -0.623011 -0.138048 0.977797 0.157655 71.567551 -0.070025 -0.168417 0.983225 0.116824 0.000000 0.000000 0.000000 1.000000
0.987376 0.126454 0.095379 -0.622971 -0.140475 0.977318 0.158483 71.551598 -0.073175 -0.169881 0.982744 0.117612 0.000000 0.000000 0.000000 1.000000
0.986784 0.128201 0.099109 -0.597430 -0.142882 0.976890 0.158967 71.544601 -0.076439 -0.171027 0.982297 0.113236 0.000000 0.000000 0.000000 1.000000
0.986255 0.130079 0.101882 -0.538815 -0.145245 0.976492 0.159273 71.551498 -0.078769 -0.171881 0.981963 0.104508 0.000000 0.000000 0.000000 1.000000
0.985828 0.132058 0.103459 -0.451360 -0.147515 0.976077 0.159729 71.568848 -0.079890 -0.172727 0.981724 0.090894 0.000000 0.000000 0.000000 1.000000
0.985492 0.133941 0.104238 -0.348410 -0.149575 0.975641 0.160471 71.587654 -0.080205 -0.173734 0.981521 0.074621 0.000000 0.000000 0.000000 1.000000
0.985209 0.135609 0.104757 -0.246733 -0.151384 0.975230 0.161273 71.599831 -0.080292 -0.174746 0.981334 0.063104 0.000000 0.000000 0.000000 1.000000
0.984917 0.137310 0.105283 -0.160944 -0.153201 0.974863 0.161778 71.602875 -0.080423 -0.175467 0.981195 0.064409 0.000000 0.000000 0.000000 1.000000
0.984563 0.139526 0.105683 -0.099765 -0.155474 0.974485 0.161882 71.599373 -0.080399 -0.175814 0.981135 0.079272 0.000000 0.000000 0.000000 1.000000
0.984150 0.142404 0.105685 -0.064491 -0.158320 0.974035 0.161835 71.592415 -0.079895 -0.176002 0.981142 0.098944 0.000000 0.000000 0.000000 1.000000
0.983741 0.145419 0.105391 -0.049850 -0.161260 0.973535 0.161944 71.581886 -0.079052 -0.176306 0.981156 0.111742 0.000000 0.000000 0.000000 1.000000
0.983384 0.147812 0.105391 -0.047374 -0.163652 0.973085 0.162243 71.565491 -0.078573 -0.176795 0.981106 0.111610 0.000000 0.000000 0.000000 1.000000
0.983067 0.149318 0.106220 -0.049517 -0.165312 0.972760 0.162509 71.543747 -0.079061 -0.177317 0.980973 0.100713 0.000000 0.000000 0.000000 1.000000
0.982748 0.150329 0.107739 -0.051443 -0.166587 0.972536 0.162551 71.523033 -0.080344 -0.177695 0.980800 0.085694 0.000000 0.000000 0.000000 1.000000
0.982419 0.151361 0.109280 -0.049977 -0.167876 0.972333 0.162440 71.512856 -0.081670 -0.177930 0.980648 0.072969 0.000000 0.000000 0.000000 1.000000
0.982104 0.152586 0.110403 -0.041732 -0.169293 0.972082 0.162469 71.518600 -0.082531 -0.178252 0.980518 0.066421 0.000000 0.000000 0.000000 1.000000
0.981801 0.153870 0.111317 -0.023707 -0.170770 0.971743 0.162953 71.536247 -0.083098 -0.178997 0.980334 0.066396 0.000000 0.000000 0.000000 1.000000
0.981477 0.155108 0.112451 0.004001 -0.172293 0.971291 0.164038 71.554276 -0.083780 -0.180374 0.980024 0.069029 0.000000 0.000000 0.000000 1.000000
0.981120 0.156363 0.113815 0.036813 -0.173919 0.970736 0.165599 71.560989 -0.084591 -0.182267 0.979603 0.067073 0.000000 0.000000 0.000000 1.000000
0.980760 0.157746 0.115000 0.067601 -0.175653 0.970135 0.167286 71.551315 -0.085177 -0.184268 0.979178 0.053697 0.000000 0.000000 0.000000 1.000000
0.980427 0.159285 0.115719 0.090517 -0.177439 0.969551 0.168779 71.528976 -0.085312 -0.186009 0.978837 0.026078 0.000000 0.000000 0.000000 1.000000
0.980120 0.160915 0.116065 0.103654 -0.179233 0.968985 0.170127 71.503326 -0.085090 -0.187548 0.978563 -0.014764 0.000000 0.000000 0.000000 1.000000
0.979845 0.162466 0.116227 0.108347 -0.180935 0.968388 0.171716 71.482964 -0.084655 -0.189285 0.978266 -0.067914 0.000000 0.000000 0.000000 1.000000
0.979663 0.163590 0.116181 0.105252 -0.182210 0.967790 0.173727 71.468933 -0.084019 -0.191363 0.977917 -0.134752 0.000000 0.000000 0.000000 1.000000
0.979677 0.163806 0.115758 0.090378 -0.182515 0.967366 0.175758 71.453476 -0.083191 -0.193313 0.977604 -0.215967 0.000000 0.000000 0.000000 1.000000
0.979900 0.163142 0.114810 0.067669 -0.181799 0.967230 0.177244 71.444862 -0.082132 -0.194554 0.977447 -0.310560 0.000000 0.000000 0.000000 1.000000
0.980238 0.162117 0.113367 0.041274 -0.180578 0.967296 0.178130 71.460327 -0.080781 -0.195082 0.977455 -0.410820 0.000000 0.000000 0.000000 1.000000
0.980624 0.160939 0.111689 -0.002471 -0.179143 0.967433 0.178835 71.494263 -0.079270 -0.195379 0.977519 -0.498007 0.000000 0.000000 0.000000 1.000000
0.981026 0.159678 0.109964 -0.066392 -0.177625 0.967557 0.179676 71.540436 -0.077706 -0.195799 0.977561 -0.558213 0.000000 0.000000 0.000000 1.000000
0.981484 0.157999 0.108283 -0.148723 -0.175712 0.967730 0.180622 71.574951 -0.076251 -0.196304 0.977574 -0.586251 0.000000 0.000000 0.000000 1.000000
0.982060 0.155581 0.106547 -0.244019 -0.173066 0.968008 0.181681 71.569122 -0.074872 -0.196861 0.977568 -0.585914 0.000000 0.000000 0.000000 1.000000
0.982772 0.152528 0.104378 -0.343763 -0.169736 0.968323 0.183139 71.513214 -0.073137 -0.197701 0.977530 -0.566416 0.000000 0.000000 0.000000 1.000000
0.983571 0.149410 0.101319 -0.432982 -0.166203 0.968548 0.185179 71.432755 -0.070465 -0.198977 0.977468 -0.541686 0.000000 0.000000 0.000000 1.000000
0.984347 0.146839 0.097466 -0.495629 -0.163051 0.968666 0.187351 71.371819 -0.066902 -0.200311 0.977446 -0.526214 0.000000 0.000000 0.000000 1.000000
0.985033 0.144439 0.094058 -0.551559 -0.160087 0.968911 0.188634 71.325859 -0.063887 -0.200868 0.977533 -0.517086 0.000000 0.000000 0.000000 1.000000
0.985434 0.142736 0.092451 -0.580526 -0.158066 0.969308 0.188300 71.324219 -0.062736 -0.200170 0.977751 -0.515945 0.000000 0.000000 0.000000 1.000000
0.985547 0.141326 0.093407 -0.594344 -0.156755 0.969865 0.186519 71.334419 -0.064232 -0.198466 0.978001 -0.509409 0.000000 0.000000 0.000000 1.000000
0.985510 0.139860 0.095967 -0.592375 -0.155666 0.970480 0.184220 71.331253 -0.067369 -0.196489 0.978189 -0.494030 0.000000 0.000000 0.000000 1.000000
0.985578 0.138064 0.097847 -0.567671 -0.154127 0.971101 0.182227 71.305550 -0.069861 -0.194680 0.978376 -0.477488 0.000000 0.000000 0.000000 1.000000
0.985952 0.136101 0.096822 -0.510981 -0.151891 0.971722 0.180794 71.273811 -0.069477 -0.192960 0.978744 -0.473094 0.000000 0.000000 0.000000 1.000000
0.986678 0.133926 0.092357 -0.446687 -0.148819 0.972371 0.179853 71.236267 -0.065719 -0.191202 0.979348 -0.481788 0.000000 0.000000 0.000000 1.000000
0.987571 0.131662 0.085842 -0.403205 -0.145308 0.972994 0.179356 71.203339 -0.059909 -0.189600 0.980032 -0.497572 0.000000 0.000000 0.000000 1.000000
0.988401 0.129374 0.079532 -0.401209 -0.141844 0.973543 0.179150 71.187271 -0.054251 -0.188354 0.980602 -0.510555 0.000000 0.000000 0.000000 1.000000
0.989067 0.127010 0.074937 -0.450289 -0.138638 0.974043 0.178939 71.190163 -0.050265 -0.187371 0.981002 -0.510925 0.000000 0.000000 0.000000 1.000000
0.989585 0.124587 0.072104 -0.547206 -0.135702 0.974525 0.178565 71.204803 -0.048021 -0.186490 0.981283 -0.493401 0.000000 0.000000 0.000000 1.000000
0.990010 0.122180 0.070379 -0.677214 -0.132987 0.974983 0.178107 71.222549 -0.046857 -0.185687 0.981491 -0.459937 0.000000 0.000000 0.000000 1.000000
0.990376 0.119704 0.069472 -0.818092 -0.130357 0.975429 0.177610 71.238556 -0.046504 -0.184957 0.981646 -0.419572 0.000000 0.000000 0.000000 1.000000
0.990717 0.116847 0.069474 -0.946311 -0.127515 0.975910 0.177028 71.250740 -0.047115 -0.184243 0.981751 -0.386322 0.000000 0.000000 0.000000 1.000000
0.991080 0.113358 0.070076 -1.044122 -0.124161 0.976444 0.176466 71.258461 -0.048421 -0.183593 0.981809 -0.373396 0.000000 0.000000 0.000000 1.000000
0.991504 0.109304 0.070519 -1.109750 -0.120233 0.976991 0.176159 71.267441 -0.049641 -0.183141 0.981833 -0.384748 0.000000 0.000000 0.000000 1.000000
0.991953 0.105118 0.070571 -1.153807 -0.116113 0.977509 0.176048 71.285561 -0.050478 -0.182826 0.981849 -0.407101 0.000000 0.000000 0.000000 1.000000
0.992313 0.101196 0.071229 -1.194488 -0.112346 0.978025 0.175628 71.320076 -0.051891 -0.182280 0.981876 -0.419014 0.000000 0.000000 0.000000 1.000000
0.992480 0.097612 0.073865 -1.247482 -0.109227 0.978594 0.174425 71.371216 -0.055258 -0.181181 0.981896 -0.407624 0.000000 0.000000 0.000000 1.000000
0.992435 0.094322 0.078589 -1.313281 -0.106729 0.979200 0.172557 71.427589 -0.060679 -0.179640 0.981859 -0.374521 0.000000 0.000000 0.000000 1.000000
0.992275 0.091474 0.083804 -1.375403 -0.104732 0.979750 0.170650 71.472595 -0.066497 -0.178108 0.981761 -0.328687 0.000000 0.000000 0.000000 1.000000
0.992148 0.089356 0.087506 -1.411547 -0.103202 0.980156 0.169241 71.495422 -0.070647 -0.176943 0.981682 -0.278700 0.000000 0.000000 0.000000 1.000000
0.992154 0.088072 0.088739 -1.409117 -0.102094 0.980412 0.168429 71.496628 -0.072167 -0.176167 0.981711 -0.231922 0.000000 0.000000 0.000000 1.000000
0.992304 0.087441 0.087678 -1.373153 -0.101254 0.980566 0.168040 71.485779 -0.071281 -0.175624 0.981873 -0.196340 0.000000 0.000000 0.000000 1.000000
0.992564 0.087275 0.084852 -1.323148 -0.100586 0.980650 0.167955 71.474350 -0.068552 -0.175241 0.982136 -0.178478 0.000000 0.000000 0.000000 1.000000
0.992863 0.087650 0.080871 -1.283464 -0.100268 0.980648 0.168153 71.469276 -0.064568 -0.175062 0.982438 -0.179259 0.000000 0.000000 0.000000 1.000000
0.993093 0.088718 0.076788 -1.273448 -0.100631 0.980541 0.168562 71.470840 -0.060339 -0.175125 0.982695 -0.192929 0.000000 0.000000 0.000000 1.000000
0.993152 0.090338 0.074088 -1.300118 -0.101779 0.980350 0.168984 71.474594 -0.057366 -0.175367 0.982830 -0.210674 0.000000 0.000000 0.000000 1.000000
0.993018 0.091975 0.073859 -1.354600 -0.103368 0.980146 0.169202 71.475044 -0.056830 -0.175655 0.982810 -0.225345 0.000000 0.000000 0.000000 1.000000
0.992767 0.092993 0.075930 -1.412711 -0.104736 0.980009 0.169155 71.467400 -0.058682 -0.175884 0.982660 -0.234055 0.000000 0.000000 0.000000 1.000000
0.992530 0.092999 0.078967 -1.441715 -0.105268 0.979981 0.168987 71.448792 -0.061670 -0.176038 0.982450 -0.238784 0.000000 0.000000 0.000000 1.000000
0.992415 0.092078 0.081452 -1.414850 -0.104793 0.980046 0.168903 71.420944 -0.064274 -0.176157 0.982261 -0.245005 0.000000 0.000000 0.000000 1.000000
0.992434 0.090888 0.082551 -1.327888 -0.103817 0.980136 0.168981 71.392479 -0.065553 -0.176272 0.982156 -0.258198 0.000000 0.000000 0.000000 1.000000
0.992504 0.090423 0.082221 -1.204813 -0.103316 0.980150 0.169212 71.376183 -0.065288 -0.176438 0.982144 -0.279774 0.000000 0.000000 0.000000 1.000000
0.992515 0.091464 0.080921 -1.085384 -0.104141 0.979987 0.169646 71.380966 -0.063785 -0.176803 0.982177 -0.305015 0.000000 0.000000 0.000000 1.000000
0.992390 0.094075 0.079447 -1.003497 -0.106502 0.979611 0.170352 71.404037 -0.061802 -0.177517 0.982175 -0.325206 0.000000 0.000000 0.000000 1.000000
0.992104 0.097596 0.078767 -0.971793 -0.109909 0.979083 0.171222 71.430359 -0.060409 -0.178527 0.982079 -0.333091 0.000000 0.000000 0.000000 1.000000
0.991702 0.101035 0.079496 -0.979524 -0.113480 0.978543 0.171977 71.442192 -0.060415 -0.179571 0.981888 -0.328026 0.000000 0.000000 0.000000 1.000000
0.991285 0.103579 0.081393 -1.000809 -0.116364 0.978119 0.172463 71.431503 -0.061749 -0.180431 0.981647 -0.316498 0.000000 0.000000 0.000000 1.000000
0.990963 0.104909 0.083582 -1.008810 -0.118095 0.977852 0.172798 71.405304 -0.063603 -0.181107 0.981405 -0.307117 0.000000 0.000000 0.000000 1.000000
0.990771 0.105282 0.085367 -0.989916 -0.118811 0.977707 0.173128 71.379585 -0.065237 -0.181673 0.981193 -0.305140 0.000000 0.000000 0.000000 1.000000
0.990649 0.105372 0.086664 -0.949933 -0.119152 0.977625 0.173353 71.368034 -0.066459 -0.182058 0.981039 -0.310832 0.000000 0.000000 0.000000 1.000000
0.990505 0.105949 0.087605 -0.907078 -0.119889 0.977549 0.173275 71.374725 -0.067279 -0.182132 0.980970 -0.321702 0.000000 0.000000 0.000000 1.000000
0.990298 0.107514 0.088036 -0.877621 -0.121490 0.977407 0.172961 71.394646 -0.067451 -0.181978 0.980986 -0.334741 0.000000 0.000000 0.000000 1.000000
0.990053 0.110004 0.087713 -0.866595 -0.123874 0.977148 0.172734 71.417854 -0.066708 -0.181881 0.981055 -0.346677 0.000000 0.000000 0.000000 1.000000
0.989815 0.112771 0.086887 -0.868843 -0.126454 0.976816 0.172744 71.433533 -0.065393 -0.181972 0.981127 -0.353161 0.000000 0.000000 0.000000 1.000000
0.989609 0.114941 0.086383 -0.875131 -0.128504 0.976545 0.172760 71.433655 -0.064500 -0.182065 0.981169 -0.350069 0.000000 0.000000 0.000000 1.000000
0.989431 0.116026 0.086971 -0.876118 -0.129664 0.976441 0.172485 71.417847 -0.064910 -0.181939 0.981165 -0.336757 0.000000 0.000000 0.000000 1.000000
0.989252 0.116210 0.088743 -0.864414 -0.130127 0.976489 0.171858 71.396942 -0.066685 -0.181559 0.981117 -0.316710 0.000000 0.000000 0.000000 1.000000
0.989047 0.116091 0.091156 -0.837093 -0.130387 0.976615 0.170943 71.387535 -0.069179 -0.180956 0.981055 -0.294166 0.000000 0.000000 0.000000 1.000000
0.988806 0.116264 0.093518 -0.796899 -0.130899 0.976761 0.169717 71.399338 -0.071612 -0.180059 0.981046 -0.272141 0.000000 0.000000 0.000000 1.000000
0.988537 0.117154 0.095238 -0.750701 -0.131969 0.976897 0.168098 71.426224 -0.073345 -0.178739 0.981159 -0.251861 0.000000 0.000000 0.000000 1.000000
0.988254 0.119059 0.095809 -0.706399 -0.133807 0.976984 0.166128 71.451874 -0.073825 -0.176996 0.981439 -0.232389 0.000000 0.000000 0.000000 1.000000
0.987972 0.122008 0.094999 -0.670798 -0.136426 0.976968 0.164075 71.463875 -0.072792 -0.175062 0.981863 -0.210608 0.000000 0.000000 0.000000 1.000000
