<?xml version="1.0" encoding="utf-8"?>
<COLLADA xmlns="http://www.collada.org/2005/11/COLLADASchema" version="1.4.1">
  <asset><contributor><author>Mixamo</author><authoring_tool>COLLADA Mixamo exporter</authoring_tool><comments></comments></contributor><created>2021-05-08T14:20:06Z</created><modified>2021-05-08T14:20:06Z</modified><revision></revision><title></title><unit meter="0.010000"/><up_axis>Y_UP</up_axis></asset>
  <library_animations>
    <animation id="Hips-anim" name="Hips"><source id="Hips-Matrix-animation-input"><float_array id="Hips-Matrix-animation-input-array" count="25">

0.000000 0.033333 0.066667 0.100000 0.133333 0.166667 0.200000 0.233333 0.266667 0.300000 0.333333 0.366667 0.400000 0.433333 0.466667 0.500000
0.533333 0.566667 0.600000 0.633333 0.666667 0.700000 0.733333 0.766667 0.800000</float_array><technique_common><accessor source="#Hips-Matrix-animation-input-array" count="25"><param name="TIME" type="float"/></accessor></technique_common></source><source id="Hips-Matrix-animation-output-transform"><float_array id="Hips-Matrix-animation-output-transform-array" count="400">

0.998942 -0.029288 -0.035451 -0.059781 0.030960 0.998388 0.047573 94.283073 0.034000 -0.048620 0.998238 -1.140537 0.000000 0.000000 0.000000 1.000000
0.995342 -0.055301 -0.078963 -0.381701 0.057471 0.998022 0.025473 95.251816 0.077398 -0.029893 0.996552 -1.532700 0.000000 0.000000 0.000000 1.000000
0.990378 -0.079395 -0.113353 -0.362731 0.079312 0.996836 -0.005241 96.419571 0.113410 -0.003800 0.993541 -1.646900 0.000000 0.000000 0.000000 1.000000
0.986772 -0.092586 -0.133076 -0.026538 0.087469 0.995204 -0.043808 97.594482 0.136494 0.031588 0.990137 -1.224516 0.000000 0.000000 0.000000 1.000000
0.985712 -0.095111 -0.139014 0.603553 0.083051 0.992461 -0.090133 98.519379 0.146539 0.077300 0.986180 -0.110042 0.000000 0.000000 0.000000 1.000000
0.985825 -0.092574 -0.139926 1.493175 0.076206 0.990071 -0.118122 98.989143 0.149471 0.105784 0.983091 1.445243 0.000000 0.000000 0.000000 1.000000
0.985287 -0.090087 -0.145237 2.481336 0.072059 0.989543 -0.124946 98.849724 0.154974 0.112642 0.981476 2.891799 0.000000 0.000000 0.000000 1.000000
0.983330 -0.090342 -0.157799 3.501766 0.073010 0.990979 -0.112385 97.836288 0.166528 0.098990 0.981055 3.761956 0.000000 0.000000 0.000000 1.000000
0.982112 -0.088081 -0.166427 4.674780 0.074157 0.993346 -0.088112 96.563293 0.173081 0.074194 0.982109 3.801234 0.000000 0.000000 0.000000 1.000000
0.984175 -0.087033 -0.154353 5.826466 0.077546 0.994771 -0.066466 95.493118 0.159330 0.053445 0.985778 3.410828 0.000000 0.000000 0.000000 1.000000
0.990298 -0.088426 -0.107194 6.809330 0.082024 0.994654 -0.062737 94.483421 0.112168 0.053336 0.992257 2.355954 0.000000 0.000000 0.000000 1.000000
0.996068 -0.084169 -0.027653 7.672860 0.082871 0.995538 -0.045134 93.582642 0.031328 0.042665 0.998598 1.144787 0.000000 0.000000 0.000000 1.000000
0.995712 -0.072272 0.057748 8.170103 0.074031 0.996836 -0.028924 93.464195 -0.055475 0.033075 0.997912 -0.443759 0.000000 0.000000 0.000000 1.000000
0.991117 -0.054526 0.121298 8.541036 0.056197 0.998366 -0.010394 93.937523 -0.120533 0.017118 0.992562 -1.713757 0.000000 0.000000 0.000000 1.000000
0.987775 -0.036121 0.151644 8.645342 0.035918 0.999346 0.004077 94.879272 -0.151693 0.001420 0.988427 -2.626719 0.000000 0.000000 0.000000 1.000000
0.988888 -0.020085 0.147296 8.468790 0.018251 0.999738 0.013798 96.176826 -0.147535 -0.010956 0.988996 -2.960305 0.000000 0.000000 0.000000 1.000000
0.990817 -0.011479 0.134720 7.987048 0.008323 0.999678 0.023964 97.099030 -0.134952 -0.022623 0.990594 -2.611137 0.000000 0.000000 0.000000 1.000000
0.991781 -0.009406 0.127603 7.090973 0.004970 0.999374 0.035037 97.484863 -0.127853 -0.034115 0.991206 -1.607402 0.000000 0.000000 0.000000 1.000000
0.991845 -0.007642 0.127223 5.932894 0.002770 0.999258 0.038425 97.297043 -0.127423 -0.037759 0.991130 -0.326828 0.000000 0.000000 0.000000 1.000000
0.992165 -0.002533 0.124909 4.622329 -0.003870 0.998691 0.050996 96.158684 -0.124875 -0.051079 0.990857 0.705991 0.000000 0.000000 0.000000 1.000000
0.993699 0.000537 0.112077 3.225699 -0.007396 0.998123 0.060797 94.845810 -0.111834 -0.061243 0.991838 0.991089 0.000000 0.000000 0.000000 1.000000
0.996086 0.005275 0.088231 1.914114 -0.010752 0.998036 0.061710 93.836960 -0.087732 -0.062417 0.994187 0.924804 0.000000 0.000000 0.000000 1.000000
0.998548 0.004929 0.053637 0.989357 -0.008283 0.998012 0.062482 93.535164 -0.053222 -0.062836 0.996604 0.345248 0.000000 0.000000 0.000000 1.000000
0.999922 -0.005966 0.010978 0.296902 0.005290 0.998145 0.060649 93.668243 -0.011320 -0.060586 0.998099 -0.388881 0.000000 0.000000 0.000000 1.000000
0.998973 -0.028247 -0.035432 -0.058445 0.029941 0.998388 0.048222 94.282402 0.034012 -0.049233 0.998208 -1.138914 0.000000 0.000000 0.000000 1.000000</float_array><technique_common><accessor source="#Hips-Matrix-animation-output-transform-array" count="25" stride="16"><param type="float4x4"/></accessor></technique_common></source><source id="Hips-Interpolations"><Name_array id="Hips-Interpolations-array" count="25">
 LINEAR LINEAR LINEAR LINEAR LINEAR LINEAR LINEAR LINEAR LINEAR LINEAR LINEAR
LINEAR LINEAR LINEAR LINEAR LINEAR LINEAR LINEAR LINEAR LINEAR LINEAR LINEAR LINEAR
LINEAR LINEAR</Name_array><technique_common><accessor source="#Hips-Interpolations-array" count="25"><param type="name"/></accessor></technique_common></source><sampler id="Hips-Matrix-animation-transform"><input semantic="INPUT" source="#Hips-Matrix-animation-input"/><input semantic="OUTPUT" source="#Hips-Matrix-animation-output-transform"/><input semantic="INTERPOLATION" source="#Hips-Interpolations"/></sampler><channel source="#Hips-Matrix-animation-transform" target="Hips/matrix"/></animation>
    <animation id="Spine-anim" name="Spine"><source id="Spine-Matrix-animation-input"><float_array id="Spine-Matrix-animation-input-array" count="25">

0.000000 0.033333 0.066667 0.100000 0.133333 0.166667 0.200000 0.233333 0.266667 0.300000 0.333333 0.366667 0.400000 0.433333 0.466667 0.500000
0.533333 0.566667 0.600000 0.633333 0.666667 0.700000 0.733333 0.766667 0.800000</float_array><technique_common><accessor source="#Spine-Matrix-animation-input-array" count="25"><param name="TIME" type="float"/></accessor></technique_common></source><source id="Spine-Matrix-animation-output-transform"><float_array id="Spine-Matrix-animation-output-transform-array" count="400">

0.987473 -0.153539 0.036363 0.000000 0.140180 0.747890 -0.648853 8.536500 0.072429 0.645823 0.760044 0.187100 0.000000 0.000000 0.000000 1.000000
0.992020 -0.100365 0.076310 -0.000000 0.125976 0.764354 -0.632371 8.536500 0.005141 0.636938 0.770898 0.187100 0.000000 0.000000 0.000000 1.000000
0.992762 -0.043765 0.111839 -0.000000 0.102825 0.790893 -0.603254 8.536500 -0.062051 0.610387 0.789669 0.187100 0.000000 0.000000 0.000000 1.000000
0.989699 0.006721 0.143005 0.000000 0.075483 0.824274 -0.561137 8.536500 -0.121647 0.566151 0.815276 0.187100 0.000000 0.000000 0.000000 1.000000
0.983779 0.053299 0.171286 -0.000000 0.041038 0.862651 -0.504132 8.536500 -0.174630 0.502983 0.846470 0.187100 0.000000 0.000000 0.000000 1.000000
0.974998 0.105066 0.195808 0.000000 -0.004038 0.889393 -0.457125 8.536500 -0.222179 0.444905 0.867581 0.187100 0.000000 0.000000 0.000000 1.000000
0.963196 0.163539 0.213329 0.000000 -0.057633 0.900817 -0.430357 8.536500 -0.262550 0.402223 0.877088 0.187100 0.000000 0.000000 0.000000 1.000000
0.949433 0.222685 0.221332 0.000000 -0.109520 0.895566 -0.431239 8.536500 -0.294248 0.385192 0.874668 0.187100 0.000000 0.000000 0.000000 1.000000
0.938616 0.266344 0.219226 0.000000 -0.142389 0.877975 -0.457040 8.536500 -0.314205 0.397770 0.862006 0.187100 0.000000 0.000000 0.000000 1.000000
0.936021 0.289911 0.199542 0.000000 -0.158481 0.853431 -0.496528 8.536500 -0.314244 0.433137 0.844774 0.187100 0.000000 0.000000 0.000000 1.000000
0.945370 0.286320 0.155871 -0.000000 -0.164965 0.832559 -0.528803 8.536500 -0.281178 0.474202 0.834309 0.187100 0.000000 0.000000 0.000000 1.000000
0.965136 0.244371 0.093778 -0.000000 -0.150156 0.810373 -0.566347 8.536500 -0.214394 0.532521 0.818814 0.187100 0.000000 0.000000 0.000000 1.000000
0.984622 0.171488 0.033348 0.000000 -0.118896 0.797642 -0.591296 8.536500 -0.128001 0.578238 0.805765 0.187100 0.000000 0.000000 0.000000 1.000000
0.995884 0.089375 -0.015045 0.000000 -0.079880 0.787135 -0.611586 8.536500 -0.042818 0.610271 0.791035 0.187100 0.000000 0.000000 0.000000 1.000000
0.998504 0.017141 -0.051927 0.000000 -0.045835 0.780246 -0.623792 8.536500 0.029824 0.625238 0.779864 0.187100 0.000000 0.000000 0.000000 1.000000
0.995873 -0.037335 -0.082719 -0.000000 -0.022382 0.782272 -0.622535 8.536500 0.087951 0.621817 0.778208 0.187100 0.000000 0.000000 0.000000 1.000000
0.989830 -0.086133 -0.113217 0.000000 -0.000820 0.792399 -0.610002 8.536500 0.142254 0.603891 0.784270 0.187100 0.000000 0.000000 0.000000 1.000000
0.981276 -0.132555 -0.139736 0.000000 0.024890 0.806691 -0.590449 8.536500 0.190990 0.575916 0.794886 0.187100 0.000000 0.000000 0.000000 1.000000
0.972049 -0.175667 -0.155760 -0.000000 0.057176 0.820590 -0.568650 8.536500 0.227708 0.543850 0.807698 0.187100 0.000000 0.000000 0.000000 1.000000
0.964948 -0.212103 -0.154558 -0.000000 0.088378 0.817144 -0.569618 8.536500 0.247114 0.535992 0.807246 0.187100 0.000000 0.000000 0.000000 1.000000
0.963853 -0.228158 -0.137594 0.000000 0.106810 0.803991 -0.584970 8.536500 0.244090 0.549129 0.799298 0.187100 0.000000 0.000000 0.000000 1.000000
0.967501 -0.230231 -0.104573 0.000000 0.121515 0.785981 -0.606192 8.536500 0.221757 0.573784 0.788413 0.187100 0.000000 0.000000 0.000000 1.000000
0.974056 -0.218526 -0.058833 0.000000 0.133361 0.764301 -0.630919 8.536500 0.182838 0.606704 0.773615 0.187100 0.000000 0.000000 0.000000 1.000000
0.981254 -0.192511 -0.008913 -0.000000 0.140820 0.747813 -0.648803 8.536500 0.131567 0.635385 0.760905 0.187100 0.000000 0.000000 0.000000 1.000000
0.987475 -0.153528 0.036351 0.000000 0.140165 0.747893 -0.648853 8.536500 0.072431 0.645821 0.760045 0.187100 0.000000 0.000000 0.000000 1.000000</float_array><technique_common><accessor source="#Spine-Matrix-animation-output-transform-array" count="25" stride="16"><param type="float4x4"/></accessor></technique_common></source><source id="Spine-Interpolations"><Name_array id="Spine-Interpolations-array" count="25">
 LINEAR LINEAR LINEAR LINEAR LINEAR LINEAR LINEAR LINEAR LINEAR LINEAR LINEAR
LINEAR LINEAR LINEAR LINEAR LINEAR LINEAR LINEAR LINEAR LINEAR LINEAR LINEAR LINEAR
LINEAR LINEAR</Name_array><technique_common><accessor source="#Spine-Interpolations-array" count="25"><param type="name"/></accessor></technique_common></source><sampler id="Spine-Matrix-animation-transform"><input semantic="INPUT" source="#Spine-Matrix-animation-input"/><input semantic="OUTPUT" source="#Spine-Matrix-animation-output-transform"/><input semantic="INTERPOLATION" source="#Spine-Interpolations"/></sampler><channel source="#Spine-Matrix-animation-transform" target="Spine/matrix"/></animation>
    <animation id="Spine1-anim" name="Spine1"><source id="Spine1-Matrix-animation-input"><float_array id="Spine1-Matrix-animation-input-array" count="25">

0.000000 0.033333 0.066667 0.100000 0.133333 0.166667 0.200000 0.233333 0.266667 0.300000 0.333333 0.366667 0.400000 0.433333 0.466667 0.500000
0.533333 0.566667 0.600000 0.633333 0.666667 0.700000 0.733333 0.766667 0.800000</float_array><technique_common><accessor source="#Spine1-Matrix-animation-input-array" count="25"><param name="TIME" type="float"/></accessor></technique_common></source><source id="Spine1-Matrix-animation-output-transform"><float_array id="Spine1-Matrix-animation-output-transform-array" count="400">

0.998975 -0.040719 -0.019760 0.000000 0.037928 0.991377 -0.125428 9.703700 0.024697 0.124550 0.991906 0.160100 0.000000 0.000000 0.000000 1.000000
0.999603 -0.027596 -0.005648 0.000000 0.026767 0.993043 -0.114668 9.703700 0.008773 0.114471 0.993388 0.160100 0.000000 0.000000 0.000000 1.000000
0.999900 -0.011860 0.007687 0.000000 0.012599 0.994443 -0.104517 9.703700 -0.006404 0.104603 0.994493 0.160100 0.000000 0.000000 0.000000 1.000000
0.999786 0.003954 0.020321 0.000000 -0.001989 0.995394 -0.095846 9.703700 -0.020606 0.095785 0.995189 0.160100 0.000000 0.000000 0.000000 1.000000
0.999304 0.018474 0.032397 0.000000 -0.015532 0.995928 -0.088804 9.703700 -0.033906 0.088239 0.995522 0.160100 0.000000 0.000000 0.000000 1.000000
0.998581 0.030879 0.043377 0.000000 -0.027055 0.995916 -0.086134 9.703700 -0.045860 0.084839 0.995339 0.160100 0.000000 0.000000 0.000000 1.000000
0.997847 0.040247 0.051774 0.000000 -0.035419 0.995220 -0.091009 9.703700 -0.055190 0.088979 0.994503 0.160100 0.000000 0.000000 0.000000 1.000000
0.997354 0.045906 0.056363 -0.000000 -0.039937 0.993898 -0.102818 9.703700 -0.060739 0.100296 0.993102 0.160100 0.000000 0.000000 0.000000 1.000000
0.997365 0.045840 0.056229 0.000000 -0.039015 0.992366 -0.116996 9.703700 -0.061163 0.114494 0.991539 0.160100 0.000000 0.000000 0.000000 1.000000
0.997950 0.040061 0.049913 -0.000000 -0.033267 0.990929 -0.130205 9.703700 -0.054676 0.128277 0.990230 0.160100 0.000000 0.000000 0.000000 1.000000
0.998885 0.029594 0.036780 0.000000 -0.024112 0.989652 -0.141451 9.703700 -0.040586 0.140406 0.989262 0.160100 0.000000 0.000000 0.000000 1.000000
0.999693 0.016481 0.018494 -0.000000 -0.013504 0.988455 -0.150915 9.703700 -0.020768 0.150619 0.988374 0.160100 0.000000 0.000000 0.000000 1.000000
0.999993 0.003581 -0.001057 -0.000000 -0.003703 0.987360 -0.158451 9.703700 0.000476 0.158454 0.987366 0.160100 0.000000 0.000000 0.000000 1.000000
0.999782 -0.007708 -0.019386 -0.000000 0.004458 0.986714 -0.162408 9.703700 0.020380 0.162287 0.986533 0.160100 0.000000 0.000000 0.000000 1.000000
0.999223 -0.015287 -0.036315 0.000000 0.009173 0.986596 -0.162924 9.703700 0.038319 0.162465 0.985970 0.160100 0.000000 0.000000 0.000000 1.000000
0.998482 -0.017853 -0.052103 0.000000 0.009215 0.986825 -0.161527 9.703700 0.054300 0.160802 0.985492 0.160100 0.000000 0.000000 0.000000 1.000000
0.997503 -0.018774 -0.068079 0.000000 0.007674 0.987123 -0.159782 9.703700 0.070202 0.158860 0.984802 0.160100 0.000000 0.000000 0.000000 1.000000
0.996416 -0.021023 -0.081929 0.000000 0.007982 0.987668 -0.156361 9.703700 0.084206 0.155147 0.984296 0.160100 0.000000 0.000000 0.000000 1.000000
0.995607 -0.026464 -0.089812 0.000000 0.012400 0.988044 -0.153674 9.703700 0.092805 0.151885 0.984032 0.160100 0.000000 0.000000 0.000000 1.000000
0.995388 -0.034412 -0.089547 0.000000 0.020338 0.987928 -0.153575 9.703700 0.093751 0.151045 0.984071 0.160100 0.000000 0.000000 0.000000 1.000000
0.995749 -0.041863 -0.082051 -0.000000 0.028852 0.987683 -0.153782 9.703700 0.087478 0.150761 0.984692 0.160100 0.000000 0.000000 0.000000 1.000000
0.996463 -0.048078 -0.068914 0.000000 0.037144 0.987686 -0.151975 9.703700 0.075372 0.148878 0.985979 0.160100 0.000000 0.000000 0.000000 1.000000
0.997319 -0.051336 -0.052150 0.000000 0.043218 0.988288 -0.146352 9.703700 0.059052 0.143706 0.987857 0.160100 0.000000 0.000000 0.000000 1.000000
0.998153 -0.049837 -0.034751 0.000000 0.044633 0.989546 -0.137135 9.703700 0.041222 0.135331 0.989943 0.160100 0.000000 0.000000 0.000000 1.000000
0.998975 -0.040724 -0.019760 0.000000 0.037933 0.991377 -0.125426 9.703700 0.024697 0.124548 0.991906 0.160100 0.000000 0.000000 0.000000 1.000000</float_array><technique_common><accessor source="#Spine1-Matrix-animation-output-transform-array" count="25" stride="16"><param type="float4x4"/></accessor></technique_common></source><source id="Spine1-Interpolations"><Name_array id="Spine1-Interpolations-array" count="25">
 LINEAR LINEAR LINEAR LINEAR LINEAR LINEAR LINEAR LINEAR LINEAR LINEAR LINEAR
LINEAR LINEAR LINEAR LINEAR LINEAR LINEAR LINEAR LINEAR LINEAR LINEAR LINEAR LINEAR
LINEAR LINEAR</Name_array><technique_common><accessor source="#Spine1-Interpolations-array" count="25"><param type="name"/></accessor></technique_common></source><sampler id="Spine1-Matrix-animation-transform"><input semantic="INPUT" source="#Spine1-Matrix-animation-input"/><input semantic="OUTPUT" source="#Spine1-Matrix-animation-output-transform"/><input semantic="INTERPOLATION" source="#Spine1-Interpolations"/></sampler><channel source="#Spine1-Matrix-animation-transform" target="Spine1/matrix"/></animation>
    <animation id="Spine2-anim" name="Spine2"><source id="Spine2-Matrix-animation-input"><float_array id="Spine2-Matrix-animation-input-array" count="25">

0.000000 0.033333 0.066667 0.100000 0.133333 0.166667 0.200000 0.233333 0.266667 0.300000 0.333333 0.366667 0.400000 0.433333 0.466667 0.500000
0.533333 0.566667 0.600000 0.633333 0.666667 0.700000 0.733333 0.766667 0.800000</float_array><technique_common><accessor source="#Spine2-Matrix-animation-input-array" count="25"><param name="TIME" type="float"/></accessor></technique_common></source><source id="Spine2-Matrix-animation-output-transform"><float_array id="Spine2-Matrix-animation-output-transform-array" count="400">

0.999147 -0.037511 -0.017296 0.000000 0.035033 0.991376 -0.126279 15.859200 0.021883 0.125565 0.991844 0.272300 0.000000 0.000000 0.000000 1.000000
0.999689 -0.024655 -0.003755 0.000000 0.024057 0.993029 -0.115386 15.859200 0.006574 0.115260 0.993314 0.272300 0.000000 0.000000 0.000000 1.000000
0.999919 -0.009247 0.008724 0.000000 0.010114 0.994403 -0.105172 15.859200 -0.007703 0.105251 0.994416 0.272300 0.000000 0.000000 0.000000 1.000000
0.999772 0.006125 0.020459 0.000000 -0.004123 0.995325 -0.096495 15.859200 -0.020955 0.096388 0.995123 0.272300 0.000000 0.000000 0.000000 1.000000
0.999292 0.020168 0.031766 -0.000000 -0.017253 0.995836 -0.089519 15.859200 -0.033439 0.088907 0.995478 0.272300 0.000000 0.000000 0.000000 1.000000
0.998593 0.032110 0.042191 -0.000000 -0.028344 0.995805 -0.087005 15.859200 -0.044808 0.085687 0.995314 0.272300 0.000000 0.000000 0.000000 1.000000
0.997890 0.041043 0.050315 0.000000 -0.036285 0.995091 -0.092070 15.859200 -0.053847 0.090050 0.994481 0.272300 0.000000 0.000000 0.000000 1.000000
0.997410 0.046454 0.054910 0.000000 -0.040560 0.993754 -0.103963 15.859200 -0.059397 0.101466 0.993064 0.272300 0.000000 0.000000 0.000000 1.000000
0.997389 0.046647 0.055122 -0.000000 -0.039888 0.992222 -0.117916 15.859200 -0.060194 0.115409 0.991492 0.272300 0.000000 0.000000 0.000000 1.000000
0.997908 0.041641 0.049460 0.000000 -0.034869 0.990813 -0.130667 15.859200 -0.054447 0.128669 0.990192 0.272300 0.000000 0.000000 0.000000 1.000000
0.998793 0.032175 0.037120 -0.000000 -0.026621 0.989586 -0.141460 15.859200 -0.041285 0.140302 0.989248 0.272300 0.000000 0.000000 0.000000 1.000000
0.999605 0.020140 0.019616 0.000000 -0.016959 0.988445 -0.150630 15.859200 -0.022423 0.150238 0.988396 0.272300 0.000000 0.000000 0.000000 1.000000
0.999964 0.008415 0.000726 -0.000000 -0.008195 0.987383 -0.158138 15.859200 -0.002047 0.158127 0.987417 0.272300 0.000000 0.000000 0.000000 1.000000
0.999851 -0.001789 -0.017187 -0.000000 -0.001026 0.986734 -0.162345 15.859200 0.017250 0.162338 0.986584 0.272300 0.000000 0.000000 0.000000 1.000000
0.999375 -0.008692 -0.034274 0.000000 0.002984 0.986588 -0.163206 15.859200 0.035233 0.163001 0.985997 0.272300 0.000000 0.000000 0.000000 1.000000
0.998640 -0.010885 -0.050994 -0.000000 0.002480 0.986778 -0.162057 15.859200 0.052084 0.161710 0.985463 0.272300 0.000000 0.000000 0.000000 1.000000
0.997613 -0.011672 -0.068053 -0.000000 0.000609 0.987058 -0.160360 15.859200 0.069044 0.159935 0.984710 0.272300 0.000000 0.000000 0.000000 1.000000
0.996483 -0.013968 -0.082623 0.000000 0.000828 0.987604 -0.156963 15.859200 0.083792 0.156343 0.984142 0.272300 0.000000 0.000000 0.000000 1.000000
0.995674 -0.019555 -0.090838 0.000000 0.005318 0.987993 -0.154407 15.859200 0.092767 0.153256 0.983823 0.272300 0.000000 0.000000 0.000000 1.000000
0.995494 -0.027837 -0.090644 -0.000000 0.013559 0.987904 -0.154474 15.859200 0.093848 0.152549 0.983830 0.272300 0.000000 0.000000 0.000000 1.000000
0.995896 -0.036146 -0.082973 0.000000 0.022958 0.987692 -0.154716 15.859200 0.087544 0.152177 0.984469 0.272300 0.000000 0.000000 0.000000 1.000000
0.996665 -0.043440 -0.069079 -0.000000 0.032449 0.987701 -0.152951 15.859200 0.074874 0.150199 0.985816 0.272300 0.000000 0.000000 0.000000 1.000000
0.997569 -0.047427 -0.051066 0.000000 0.039439 0.988288 -0.147415 15.859200 0.057459 0.145043 0.987756 0.272300 0.000000 0.000000 0.000000 1.000000
0.998401 -0.046257 -0.032485 0.000000 0.041349 0.989540 -0.138204 15.859200 0.038538 0.136640 0.989871 0.272300 0.000000 0.000000 0.000000 1.000000
0.999146 -0.037516 -0.017295 0.000000 0.035039 0.991376 -0.126277 15.859200 0.021883 0.125564 0.991844 0.272300 0.000000 0.000000 0.000000 1.000000</float_array><technique_common><accessor source="#Spine2-Matrix-animation-output-transform-array" count="25" stride="16"><param type="float4x4"/></accessor></technique_common></source><source id="Spine2-Interpolations"><Name_array id="Spine2-Interpolations-array" count="25">
 LINEAR LINEAR LINEAR LINEAR LINEAR LINEAR LINEAR LINEAR LINEAR LINEAR LINEAR
LINEAR LINEAR LINEAR LINEAR LINEAR LINEAR LINEAR LINEAR LINEAR LINEAR LINEAR LINEAR
LINEAR LINEAR</Name_array><technique_common><accessor source="#Spine2-Interpolations-array" count="25"><param type="name"/></accessor></technique_common></source><sampler id="Spine2-Matrix-animation-transform"><input semantic="INPUT" source="#Spine2-Matrix-animation-input"/><input semantic="OUTPUT" source="#Spine2-Matrix-animation-output-transform"/><input semantic="INTERPOLATION" source="#Spine2-Interpolations"/></sampler><channel source="#Spine2-Matrix-animation-transform" target="Spine2/matrix"/></animation>
    <animation id="Neck-anim" name="Neck"><source id="Neck-Matrix-animation-input"><float_array id="Neck-Matrix-animation-input-array" count="25">

0.000000 0.033333 0.066667 0.100000 0.133333 0.166667 0.200000 0.233333 0.266667 0.300000 0.333333 0.366667 0.400000 0.433333 0.466667 0.500000
0.533333 0.566667 0.600000 0.633333 0.666667 0.700000 0.733333 0.766667 0.800000</float_array><technique_common><accessor source="#Neck-Matrix-animation-input-array" count="25"><param name="TIME" type="float"/></accessor></technique_common></source><source id="Neck-Matrix-animation-output-transform"><float_array id="Neck-Matrix-animation-output-transform-array" count="400">

0.998135 0.035698 0.049528 0.000000 -0.040520 0.994157 0.100049 26.187000 -0.045667 -0.101869 0.993749 -0.158600 0.000000 0.000000 0.000000 1.000000
0.997917 0.049251 0.041666 0.000000 -0.052423 0.995511 0.078803 26.187000 -0.037598 -0.080823 0.996019 -0.158600 0.000000 0.000000 0.000000 1.000000
0.997530 0.061819 0.033358 0.000000 -0.063677 0.996291 0.057879 26.187000 -0.029656 -0.059860 0.997766 -0.158600 0.000000 0.000000 0.000000 1.000000
0.996962 0.073661 0.025326 0.000000 -0.074678 0.996328 0.041885 26.187000 -0.022148 -0.043649 0.998801 -0.158600 0.000000 0.000000 0.000000 1.000000
0.996157 0.085751 0.017838 0.000000 -0.086313 0.995702 0.033573 26.187000 -0.014882 -0.034983 0.999277 -0.158600 0.000000 0.000000 0.000000 1.000000
0.995023 0.099000 0.011305 0.000000 -0.099334 0.994459 0.034408 26.187000 -0.007836 -0.035360 0.999344 -0.158600 0.000000 0.000000 0.000000 1.000000
0.993528 0.113417 0.006173 -0.000000 -0.113580 0.992504 0.045110 26.187000 -0.001010 -0.045519 0.998963 -0.158600 0.000000 0.000000 0.000000 1.000000
0.991801 0.127783 0.001683 -0.000000 -0.127636 0.989832 0.062775 26.187000 0.006355 -0.062475 0.998026 -0.158600 0.000000 0.000000 0.000000 1.000000
0.990038 0.140773 -0.002934 0.000000 -0.140058 0.986725 0.082198 26.187000 0.014466 -0.080968 0.996612 -0.158600 0.000000 0.000000 0.000000 1.000000
0.988579 0.150551 -0.006836 0.000000 -0.149182 0.984010 0.097313 26.187000 0.021378 -0.095182 0.995230 -0.158600 0.000000 0.000000 0.000000 1.000000
0.987884 0.154960 -0.008554 0.000000 -0.153260 0.982755 0.103458 26.187000 0.024439 -0.100894 0.994597 -0.158600 0.000000 0.000000 0.000000 1.000000
0.988491 0.151056 -0.008271 0.000000 -0.149508 0.983785 0.099065 26.187000 0.023101 -0.096688 0.995047 -0.158600 0.000000 0.000000 0.000000 1.000000
0.990326 0.138580 -0.007022 0.000000 -0.137481 0.986805 0.085524 26.187000 0.018781 -0.083732 0.996311 -0.158600 0.000000 0.000000 0.000000 1.000000
0.992658 0.120876 -0.004453 -0.000000 -0.120352 0.990695 0.063549 26.187000 0.012093 -0.062546 0.997969 -0.158600 0.000000 0.000000 0.000000 1.000000
0.994908 0.100787 0.000848 0.000000 -0.100748 0.994211 0.037332 26.187000 0.002920 -0.037228 0.999303 -0.158600 0.000000 0.000000 0.000000 1.000000
0.996828 0.078896 0.010409 0.000000 -0.079049 0.996756 0.015154 26.187000 -0.009180 -0.015929 0.999831 -0.158600 0.000000 0.000000 0.000000 1.000000
0.997993 0.059117 0.022698 -0.000000 -0.059081 0.998251 -0.002215 26.187000 -0.022789 0.000869 0.999740 -0.158600 0.000000 0.000000 0.000000 1.000000
0.998428 0.043114 0.035812 0.000000 -0.042906 0.999058 -0.006547 26.187000 -0.036061 0.005001 0.999337 -0.158600 0.000000 0.000000 0.000000 1.000000
0.998376 0.030991 0.047795 -0.000000 -0.031365 0.999483 0.007102 26.187000 -0.047550 -0.008590 0.998832 -0.158600 0.000000 0.000000 0.000000 1.000000
0.998112 0.022153 0.057289 0.000000 -0.024273 0.999036 0.036586 26.187000 -0.056423 -0.037908 0.997687 -0.158600 0.000000 0.000000 0.000000 1.000000
0.997840 0.016779 0.063510 0.000000 -0.021414 0.997101 0.073017 26.187000 -0.062100 -0.074219 0.995306 -0.158600 0.000000 0.000000 0.000000 1.000000
0.997742 0.015443 0.065363 -0.000000 -0.022206 0.994325 0.104043 26.187000 -0.063385 -0.105260 0.992423 -0.158600 0.000000 0.000000 0.000000 1.000000
0.997880 0.018646 0.062353 0.000000 -0.026031 0.992455 0.119811 26.187000 -0.059648 -0.121181 0.990837 -0.158600 0.000000 0.000000 0.000000 1.000000
0.998085 0.025906 0.056165 -0.000000 -0.032377 0.992541 0.117536 26.187000 -0.052701 -0.119129 0.991479 -0.158600 0.000000 0.000000 0.000000 1.000000
0.998135 0.035698 0.049528 -0.000000 -0.040520 0.994157 0.100049 26.187000 -0.045667 -0.101869 0.993749 -0.158600 0.000000 0.000000 0.000000 1.000000</float_array><technique_common><accessor source="#Neck-Matrix-animation-output-transform-array" count="25" stride="16"><param type="float4x4"/></accessor></technique_common></source><source id="Neck-Interpolations"><Name_array id="Neck-Interpolations-array" count="25">
 LINEAR LINEAR LINEAR LINEAR LINEAR LINEAR LINEAR LINEAR LINEAR LINEAR LINEAR
LINEAR LINEAR LINEAR LINEAR LINEAR LINEAR LINEAR LINEAR LINEAR LINEAR LINEAR LINEAR
LINEAR LINEAR</Name_array><technique_common><accessor source="#Neck-Interpolations-array" count="25"><param type="name"/></accessor></technique_common></source><sampler id="Neck-Matrix-animation-transform"><input semantic="INPUT" source="#Neck-Matrix-animation-input"/><input semantic="OUTPUT" source="#Neck-Matrix-animation-output-transform"/><input semantic="INTERPOLATION" source="#Neck-Interpolations"/></sampler><channel source="#Neck-Matrix-animation-transform" target="Neck/matrix"/></animation>
    <animation id="Head-anim" name="Head"><source id="Head-Matrix-animation-input"><float_array id="Head-Matrix-animation-input-array" count="25">

0.000000 0.033333 0.066667 0.100000 0.133333 0.166667 0.200000 0.233333 0.266667 0.300000 0.333333 0.366667 0.400000 0.433333 0.466667 0.500000
0.533333 0.566667 0.600000 0.633333 0.666667 0.700000 0.733333 0.766667 0.800000</float_array><technique_common><accessor source="#Head-Matrix-animation-input-array" count="25"><param name="TIME" type="float"/></accessor></technique_common></source><source id="Head-Matrix-animation-output-transform"><float_array id="Head-Matrix-animation-output-transform-array" count="400">

0.950376 0.087937 0.298418 0.000000 -0.248543 0.791544 0.558288 14.347900 -0.187117 -0.604753 0.774120 0.119000 0.000000 0.000000 0.000000 1.000000
0.960290 0.103503 0.259097 0.000000 -0.237801 0.789335 0.566040 14.347900 -0.145927 -0.605176 0.782603 0.119000 0.000000 0.000000 0.000000 1.000000
0.971410 0.103860 0.213485 0.000000 -0.210596 0.792100 0.572911 14.347900 -0.109599 -0.601491 0.791326 0.119000 0.000000 0.000000 0.000000 1.000000
0.983428 0.085493 0.159876 0.000000 -0.163010 0.802936 0.573342 14.347900 -0.079354 -0.589902 0.803566 0.119000 0.000000 0.000000 0.000000 1.000000
0.994060 0.049648 0.096854 0.000000 -0.095921 0.820132 0.564077 14.347900 -0.051427 -0.570016 0.820022 0.119000 0.000000 0.000000 0.000000 1.000000
0.999639 0.003154 0.026669 0.000000 -0.017262 0.836202 0.548149 14.347900 -0.020572 -0.548412 0.835955 0.119000 0.000000 0.000000 0.000000 1.000000
0.998116 -0.042566 -0.044196 0.000000 0.059651 0.841966 0.536223 14.347900 0.014387 -0.537849 0.842918 0.119000 0.000000 0.000000 0.000000 1.000000
0.991319 -0.076235 -0.107120 0.000000 0.122286 0.833900 0.538198 14.347900 0.048297 -0.546625 0.835983 0.119000 0.000000 0.000000 0.000000 1.000000
0.983534 -0.092634 -0.155176 -0.000000 0.164589 0.813757 0.557414 14.347900 0.074640 -0.573776 0.815604 0.119000 0.000000 0.000000 0.000000 1.000000
0.978386 -0.095237 -0.183549 -0.000000 0.187160 0.785274 0.590183 14.347900 0.087928 -0.611780 0.786126 0.119000 0.000000 0.000000 0.000000 1.000000
0.977060 -0.092816 -0.191674 0.000000 0.194770 0.753453 0.627991 14.347900 0.086129 -0.650918 0.754247 0.119000 0.000000 0.000000 0.000000 1.000000
0.978980 -0.091485 -0.182288 -0.000000 0.190948 0.725201 0.661530 14.347900 0.071676 -0.682432 0.727426 0.119000 0.000000 0.000000 0.000000 1.000000
0.983455 -0.089602 -0.157439 0.000000 0.174346 0.704138 0.688326 14.347900 0.049183 -0.704387 0.708110 0.119000 0.000000 0.000000 0.000000 1.000000
0.989662 -0.082997 -0.116963 -0.000000 0.141818 0.687841 0.711873 14.347900 0.021368 -0.721101 0.692501 0.119000 0.000000 0.000000 0.000000 1.000000
0.995813 -0.069630 -0.059224 0.000000 0.090749 0.675304 0.731935 14.347900 -0.010971 -0.734246 0.678795 0.119000 0.000000 0.000000 0.000000 1.000000
0.998593 -0.048804 0.020725 -0.000000 0.017456 0.671690 0.740627 14.347900 -0.050066 -0.739223 0.671597 0.119000 0.000000 0.000000 0.000000 1.000000
0.993462 -0.024529 0.111500 0.000000 -0.065368 0.678493 0.731693 14.347900 -0.093599 -0.734197 0.672453 0.119000 0.000000 0.000000 0.000000 1.000000
0.979683 -0.001538 0.200549 -0.000000 -0.142791 0.696831 0.702877 14.347900 -0.140829 -0.717233 0.682454 0.119000 0.000000 0.000000 0.000000 1.000000
0.961294 0.014844 0.275126 -0.000000 -0.200118 0.723981 0.660155 14.347900 -0.189387 -0.689660 0.698929 0.119000 0.000000 0.000000 0.000000 1.000000
0.944309 0.023262 0.328235 0.000000 -0.232511 0.753018 0.615551 14.347900 -0.232848 -0.657589 0.716490 0.119000 0.000000 0.000000 0.000000 1.000000
0.933001 0.027546 0.358819 0.000000 -0.245965 0.776644 0.579936 14.347900 -0.262700 -0.629337 0.731385 0.119000 0.000000 0.000000 0.000000 1.000000
0.929370 0.034228 0.367559 0.000000 -0.250084 0.790768 0.558699 14.347900 -0.271530 -0.611159 0.743476 0.119000 0.000000 0.000000 0.000000 1.000000
0.932972 0.048101 0.356721 0.000000 -0.251738 0.795544 0.551124 14.347900 -0.257278 -0.603983 0.754329 0.119000 0.000000 0.000000 0.000000 1.000000
0.940895 0.068250 0.331752 0.000000 -0.252527 0.794108 0.552831 14.347900 -0.225716 -0.603932 0.764407 0.119000 0.000000 0.000000 0.000000 1.000000
0.950376 0.087937 0.298418 0.000000 -0.248543 0.791543 0.558288 14.347900 -0.187117 -0.604753 0.774120 0.119000 0.000000 0.000000 0.000000 1.000000</float_array><technique_common><accessor source="#Head-Matrix-animation-output-transform-array" count="25" stride="16"><param type="float4x4"/></accessor></technique_common></source><source id="Head-Interpolations"><Name_array id="Head-Interpolations-array" count="25">
 LINEAR LINEAR LINEAR LINEAR LINEAR LINEAR LINEAR LINEAR LINEAR LINEAR LINEAR
LINEAR LINEAR LINEAR LINEAR LINEAR LINEAR LINEAR LINEAR LINEAR LINEAR LINEAR LINEAR
LINEAR LINEAR</Name_array><technique_common><accessor source="#Head-Interpolations-array" count="25"><param type="name"/></accessor></technique_common></source><sampler id="Head-Matrix-animation-transform"><input semantic="INPUT" source="#Head-Matrix-animation-input"/><input semantic="OUTPUT" source="#Head-Matrix-animation-output-transform"/><input semantic="INTERPOLATION" source="#Head-Interpolations"/></sampler><channel source="#Head-Matrix-animation-transform" target="Head/matrix"/></animation>
    <animation id="LeftShoulder-anim" name="LeftShoulder"><source id="LeftShoulder-Matrix-animation-input"><float_array id="LeftShoulder-Matrix-animation-input-array" count="25">

0.000000 0.033333 0.066667 0.100000 0.133333 0.166667 0.200000 0.233333 0.266667 0.300000 0.333333 0.366667 0.400000 0.433333 0.466667 0.500000
0.533333 0.566667 0.600000 0.633333 0.666667 0.700000 0.733333 0.766667 0.800000</float_array><technique_common><accessor source="#LeftShoulder-Matrix-animation-input-array" count="25"><param name="TIME" type="float"/></accessor></technique_common></source><source id="LeftShoulder-Matrix-animation-output-transform"><float_array id="LeftShoulder-Matrix-animation-output-transform-array" count="400">

0.988109 0.153712 0.003642 9.358700 -0.153547 0.987724 -0.028723 25.280800 -0.008013 0.027822 0.999581 -1.891500 0.000000 0.000000 0.000000 1.000000
0.990659 0.133895 -0.025841 9.358700 -0.134708 0.990342 -0.032802 25.280800 0.021199 0.035976 0.999128 -1.891500 0.000000 0.000000 0.000000 1.000000
0.992921 0.109371 -0.046317 9.358700 -0.111156 0.993080 -0.037907 25.280800 0.041850 0.042787 0.998207 -1.891500 0.000000 0.000000 0.000000 1.000000
0.994838 0.082458 -0.059146 9.358700 -0.085110 0.995408 -0.043812 25.280800 0.055262 0.048619 0.997287 -1.891500 0.000000 0.000000 0.000000 1.000000
0.996195 0.056939 -0.065985 9.358700 -0.060298 0.996923 -0.050085 25.280800 0.062930 0.053873 0.996563 -1.891500 0.000000 0.000000 0.000000 1.000000
0.997116 0.037343 -0.066068 9.358700 -0.041042 0.997612 -0.055544 25.280800 0.063836 0.058095 0.996268 -1.891500 0.000000 0.000000 0.000000 1.000000
0.998049 0.027739 -0.055929 9.358700 -0.030998 0.997818 -0.058287 25.280800 0.054190 0.059907 0.996732 -1.891500 0.000000 0.000000 0.000000 1.000000
0.999002 0.028746 -0.034199 9.358700 -0.030671 0.997894 -0.057163 25.280800 0.032484 0.058155 0.997779 -1.891500 0.000000 0.000000 0.000000 1.000000
0.999232 0.039009 -0.003824 9.358700 -0.039157 0.997828 -0.052979 25.280800 0.001749 0.053088 0.998588 -1.891500 0.000000 0.000000 0.000000 1.000000
0.998092 0.054590 0.028840 9.358700 -0.053165 0.997429 -0.048044 25.280800 -0.031389 0.046419 0.998429 -1.891500 0.000000 0.000000 0.000000 1.000000
0.995936 0.070081 0.056577 9.358700 -0.067633 0.996736 -0.044084 25.280800 -0.059482 0.040078 0.997424 -1.891500 0.000000 0.000000 0.000000 1.000000
0.994244 0.077547 0.073934 9.358700 -0.074700 0.996382 -0.040522 25.280800 -0.076809 0.034766 0.996440 -1.891500 0.000000 0.000000 0.000000 1.000000
0.993697 0.075949 0.082453 9.358700 -0.073248 0.996689 -0.035303 25.280800 -0.084861 0.029041 0.995969 -1.891500 0.000000 0.000000 0.000000 1.000000
0.993598 0.071399 0.087550 9.358700 -0.069266 0.997228 -0.027173 25.280800 -0.089248 0.020935 0.995789 -1.891500 0.000000 0.000000 0.000000 1.000000
0.992748 0.071176 0.096874 9.358700 -0.069917 0.997419 -0.016329 25.280800 -0.097787 0.009437 0.995163 -1.891500 0.000000 0.000000 0.000000 1.000000
0.989451 0.083759 0.118203 9.358700 -0.083885 0.996468 -0.003916 25.280800 -0.118113 -0.006041 0.992982 -1.891500 0.000000 0.000000 0.000000 1.000000
0.984618 0.102622 0.141409 9.358700 -0.104366 0.994527 0.004950 25.280800 -0.140127 -0.019633 0.989939 -1.891500 0.000000 0.000000 0.000000 1.000000
0.979206 0.125515 0.159376 9.358700 -0.128254 0.991717 0.006977 25.280800 -0.157180 -0.027272 0.987193 -1.891500 0.000000 0.000000 0.000000 1.000000
0.974746 0.149137 0.166216 9.358700 -0.151532 0.988451 0.001749 25.280800 -0.164035 -0.026892 0.986088 -1.891500 0.000000 0.000000 0.000000 1.000000
0.972420 0.169400 0.160321 9.358700 -0.170365 0.985350 -0.007812 25.280800 -0.159296 -0.019717 0.987034 -1.891500 0.000000 0.000000 0.000000 1.000000
0.972830 0.182053 0.143035 9.358700 -0.181436 0.983248 -0.017458 25.280800 -0.143818 -0.008968 0.989564 -1.891500 0.000000 0.000000 0.000000 1.000000
0.975790 0.185162 0.116396 9.358700 -0.183615 0.982706 -0.023970 25.280800 -0.118821 0.002017 0.992914 -1.891500 0.000000 0.000000 0.000000 1.000000
0.980229 0.179977 0.082218 9.358700 -0.178354 0.983603 -0.026741 25.280800 -0.085683 0.011549 0.996256 -1.891500 0.000000 0.000000 0.000000 1.000000
0.984671 0.168925 0.043437 9.358700 -0.167839 0.985429 -0.027560 25.280800 -0.047459 0.019847 0.998676 -1.891500 0.000000 0.000000 0.000000 1.000000
0.988108 0.153717 0.003644 9.358700 -0.153551 0.987723 -0.028722 25.280800 -0.008015 0.027821 0.999581 -1.891500 0.000000 0.000000 0.000000 1.000000</float_array><technique_common><accessor source="#LeftShoulder-Matrix-animation-output-transform-array" count="25" stride="16"><param type="float4x4"/></accessor></technique_common></source><source id="LeftShoulder-Interpolations"><Name_array id="LeftShoulder-Interpolations-array" count="25">
 LINEAR LINEAR LINEAR LINEAR LINEAR LINEAR LINEAR LINEAR LINEAR LINEAR LINEAR
LINEAR LINEAR LINEAR LINEAR LINEAR LINEAR LINEAR LINEAR LINEAR LINEAR LINEAR LINEAR
LINEAR LINEAR</Name_array><technique_common><accessor source="#LeftShoulder-Interpolations-array" count="25"><param type="name"/></accessor></technique_common></source><sampler id="LeftShoulder-Matrix-animation-transform"><input semantic="INPUT" source="#LeftShoulder-Matrix-animation-input"/><input semantic="OUTPUT" source="#LeftShoulder-Matrix-animation-output-transform"/><input semantic="INTERPOLATION" source="#LeftShoulder-Interpolations"/></sampler><channel source="#LeftShoulder-Matrix-animation-transform" target="LeftShoulder/matrix"/></animation>
    <animation id="LeftArm-anim" name="LeftArm"><source id="LeftArm-Matrix-animation-input"><float_array id="LeftArm-Matrix-animation-input-array" count="25">

0.000000 0.033333 0.066667 0.100000 0.133333 0.166667 0.200000 0.233333 0.266667 0.300000 0.333333 0.366667 0.400000 0.433333 0.466667 0.500000
0.533333 0.566667 0.600000 0.633333 0.666667 0.700000 0.733333 0.766667 0.800000</float_array><technique_common><accessor source="#LeftArm-Matrix-animation-input-array" count="25"><param name="TIME" type="float"/></accessor></technique_common></source><source id="LeftArm-Matrix-animation-output-transform"><float_array id="LeftArm-Matrix-animation-output-transform-array" count="400">

0.758340 0.489069 -0.430967 13.380300 -0.422503 0.872232 0.246379 -1.633200 0.496399 -0.004754 0.868081 -4.026700 0.000000 0.000000 0.000000 1.000000
0.783892 0.529144 -0.324838 13.380300 -0.505264 0.847704 0.161575 -1.633200 0.360863 0.037471 0.931866 -4.026700 0.000000 0.000000 0.000000 1.000000
0.793533 0.563601 -0.229477 13.380300 -0.561445 0.823528 0.081125 -1.633200 0.234702 0.064464 0.969927 -4.026700 0.000000 0.000000 0.000000 1.000000
0.792125 0.590780 -0.153354 13.380300 -0.595736 0.803014 0.016346 -1.633200 0.132802 0.078411 0.988036 -4.026700 0.000000 0.000000 0.000000 1.000000
0.788798 0.605311 -0.106753 13.380300 -0.610755 0.791411 -0.025415 -1.633200 0.069102 0.085248 0.993961 -4.026700 0.000000 0.000000 0.000000 1.000000
0.793314 0.600391 -0.100912 13.380300 -0.606168 0.794375 -0.039107 -1.633200 0.056682 0.092194 0.994126 -4.026700 0.000000 0.000000 0.000000 1.000000
0.806856 0.572690 -0.144946 13.380300 -0.580668 0.813978 -0.016275 -1.633200 0.108662 0.097297 0.989306 -4.026700 0.000000 0.000000 0.000000 1.000000
0.813935 0.532055 -0.233297 13.380300 -0.537090 0.842218 0.046938 -1.633200 0.221461 0.087097 0.971272 -4.026700 0.000000 0.000000 0.000000 1.000000
0.794107 0.498193 -0.348136 13.380300 -0.477701 0.865749 0.149265 -1.633200 0.375761 0.047773 0.925485 -4.026700 0.000000 0.000000 0.000000 1.000000
