<?xml version="1.0" encoding="utf-8"?>
<COLLADA xmlns="http://www.collada.org/2005/11/COLLADASchema" version="1.4.1">
  <asset><contributor><author>Mixamo</author><authoring_tool>COLLADA Mixamo exporter</authoring_tool><comments></comments></contributor><created>2021-05-08T15:49:53Z</created><modified>2021-05-08T15:49:53Z</modified><revision></revision><title></title><unit meter="0.010000"/><up_axis>Y_UP</up_axis></asset>
  <library_animations>
    <animation id="Hips-anim" name="Hips"><source id="Hips-Matrix-animation-input"><float_array id="Hips-Matrix-animation-input-array" count="87">

0.000000 0.033333 0.066667 0.100000 0.133333 0.166667 0.200000 0.233333 0.266667 0.300000 0.333333 0.366667 0.400000 0.433333 0.466667 0.500000
0.533333 0.566667 0.600000 0.633333 0.666667 0.700000 0.733333 0.766667 0.800000 0.833333 0.866667 0.900000 0.933333 0.966667 1.000000 1.033333
1.066667 1.100000 1.133333 1.166667 1.200000 1.233333 1.266667 1.300000 1.333333 1.366667 1.400000 1.433333 1.466667 1.500000 1.533333 1.566667
1.600000 1.633333 1.666667 1.700000 1.733333 1.766667 1.800000 1.833333 1.866667 1.900000 1.933333 1.966667 2.000000 2.033333 2.066667 2.100000
2.133333 2.166667 2.200000 2.233333 2.266667 2.300000 2.333333 2.366667 2.400000 2.433333 2.466667 2.500000 2.533333 2.566667 2.600000 2.633333
2.666667 2.700000 2.733333 2.766667 2.800000 2.833333 2.866667</float_array><technique_common><accessor source="#Hips-Matrix-animation-input-array" count="87"><param name="TIME" type="float"/></accessor></technique_common></source><source id="Hips-Matrix-animation-output-transform"><float_array id="Hips-Matrix-animation-output-transform-array" count="1392">

0.998485 0.036887 0.040828 0.376184 -0.041004 0.993616 0.105096 110.200394 -0.036691 -0.106610 0.993624 -2.108139 0.000000 0.000000 0.000000 1.000000
0.998079 0.039706 0.047562 0.050549 -0.044477 0.993596 0.103870 110.239075 -0.043133 -0.105786 0.993453 -2.396647 0.000000 0.000000 0.000000 1.000000
0.997563 0.044068 0.054089 -0.114774 -0.049392 0.993620 0.101392 110.321365 -0.049276 -0.103816 0.993375 -2.601732 0.000000 0.000000 0.000000 1.000000
0.997018 0.049226 0.059430 -0.109043 -0.054913 0.993650 0.098202 110.341850 -0.054219 -0.101172 0.993390 -2.739256 0.000000 0.000000 0.000000 1.000000
0.996625 0.054123 0.061712 0.037254 -0.059836 0.993694 0.094827 110.281471 -0.056191 -0.098199 0.993579 -2.803335 0.000000 0.000000 0.000000 1.000000
0.996539 0.058248 0.059313 0.254561 -0.063553 0.993740 0.091878 109.971634 -0.053590 -0.095330 0.994002 -2.807842 0.000000 0.000000 0.000000 1.000000
0.996700 0.062356 0.051978 0.579807 -0.066852 0.993713 0.089807 109.354736 -0.046051 -0.092986 0.994602 -2.770253 0.000000 0.000000 0.000000 1.000000
0.996832 0.068689 0.040109 1.109784 -0.072017 0.993471 0.088482 108.469627 -0.033769 -0.091090 0.995270 -2.689565 0.000000 0.000000 0.000000 1.000000
0.996717 0.077073 0.024808 1.828791 -0.078965 0.993032 0.087480 107.656235 -0.017893 -0.089151 0.995857 -2.372121 0.000000 0.000000 0.000000 1.000000
0.996505 0.082807 0.010962 2.441257 -0.083448 0.992727 0.086771 106.903336 -0.003697 -0.087383 0.996168 -2.166159 0.000000 0.000000 0.000000 1.000000
0.996584 0.082582 0.000181 2.890156 -0.082285 0.992803 0.087017 106.096199 0.007007 -0.086734 0.996207 -2.284736 0.000000 0.000000 0.000000 1.000000
0.996979 0.077032 -0.009896 3.337374 -0.075857 0.993165 0.088707 105.278290 0.016662 -0.087689 0.996009 -2.543115 0.000000 0.000000 0.000000 1.000000
0.997467 0.068395 -0.019551 3.925267 -0.066329 0.993568 0.091779 104.730835 0.025702 -0.090250 0.995587 -2.615433 0.000000 0.000000 0.000000 1.000000
0.998076 0.054953 -0.028698 4.618403 -0.051975 0.994038 0.095852 104.480400 0.033795 -0.094176 0.994982 -2.544054 0.000000 0.000000 0.000000 1.000000
0.998611 0.037308 -0.037191 5.318260 -0.033409 0.994381 0.100451 104.548874 0.040730 -0.099069 0.994247 -2.580132 0.000000 0.000000 0.000000 1.000000
0.998734 0.021582 -0.045438 6.120693 -0.016696 0.994300 0.105301 104.842049 0.047452 -0.104409 0.993402 -2.403736 0.000000 0.000000 0.000000 1.000000
0.998496 0.010055 -0.053902 7.005503 -0.004069 0.993921 0.110025 105.256340 0.054681 -0.109640 0.992466 -2.099991 0.000000 0.000000 0.000000 1.000000
0.998045 0.000462 -0.062503 7.868112 0.006678 0.993462 0.113971 105.764877 0.062147 -0.114166 0.991516 -1.893295 0.000000 0.000000 0.000000 1.000000
0.997473 -0.007361 -0.070670 8.623207 0.015574 0.993083 0.116379 106.346207 0.069325 -0.117185 0.990687 -1.978876 0.000000 0.000000 0.000000 1.000000
0.996889 -0.012718 -0.077792 9.177361 0.021719 0.993014 0.115980 106.969543 0.075773 -0.117308 0.990201 -2.250511 0.000000 0.000000 0.000000 1.000000
0.996457 -0.015518 -0.082663 9.576635 0.024767 0.993392 0.112068 107.605537 0.080377 -0.113718 0.990256 -2.599316 0.000000 0.000000 0.000000 1.000000
0.996288 -0.016777 -0.084431 9.887494 0.025672 0.994099 0.105397 108.226952 0.082164 -0.107173 0.990840 -3.019144 0.000000 0.000000 0.000000 1.000000
0.996339 -0.018184 -0.083536 10.124511 0.026338 0.994880 0.097569 108.764610 0.081334 -0.099412 0.991717 -3.396176 0.000000 0.000000 0.000000 1.000000
0.996370 -0.020364 -0.082660 10.249991 0.027794 0.995576 0.089758 109.169418 0.080467 -0.091729 0.992528 -3.717978 0.000000 0.000000 0.000000 1.000000
0.996542 -0.023172 -0.079799 10.249163 0.029743 0.996174 0.082171 109.427017 0.077590 -0.084261 0.993418 -3.976068 0.000000 0.000000 0.000000 1.000000
0.996871 -0.025809 -0.074718 10.139629 0.031375 0.996741 0.074310 109.439232 0.072557 -0.076422 0.994432 -4.148326 0.000000 0.000000 0.000000 1.000000
0.997301 -0.027300 -0.068151 9.954782 0.031800 0.997323 0.065849 109.159805 0.066171 -0.067839 0.995500 -4.229645 0.000000 0.000000 0.000000 1.000000
0.997746 -0.027068 -0.061408 9.728255 0.030576 0.997911 0.056913 108.656242 0.059739 -0.058663 0.996489 -4.249373 0.000000 0.000000 0.000000 1.000000
0.998291 -0.024933 -0.052850 9.491602 0.027472 0.998475 0.047882 107.979858 0.051576 -0.049252 0.997454 -4.268534 0.000000 0.000000 0.000000 1.000000
0.998821 -0.021518 -0.043504 9.154926 0.023227 0.998963 0.039168 107.216568 0.042616 -0.040132 0.998285 -4.373346 0.000000 0.000000 0.000000 1.000000
0.999310 -0.018854 -0.032009 8.693921 0.019866 0.999303 0.031600 106.382668 0.031390 -0.032215 0.998988 -4.517667 0.000000 0.000000 0.000000 1.000000
0.999702 -0.015810 -0.018609 8.141906 0.016302 0.999513 0.026617 105.565079 0.018179 -0.026912 0.999472 -4.698152 0.000000 0.000000 0.000000 1.000000
0.999910 -0.011891 -0.006161 7.575248 0.012041 0.999617 0.024934 104.889771 0.005862 -0.025006 0.999670 -4.816727 0.000000 0.000000 0.000000 1.000000
0.999970 -0.006901 0.003532 6.909234 0.006803 0.999616 0.026851 104.439964 -0.003715 -0.026826 0.999633 -4.858299 0.000000 0.000000 0.000000 1.000000
0.999916 -0.003216 0.012530 6.057447 0.002816 0.999490 0.031798 104.177635 -0.012626 -0.031760 0.999416 -4.699057 0.000000 0.000000 0.000000 1.000000
0.999782 -0.000233 0.020881 5.091569 -0.000573 0.999255 0.038589 104.246643 -0.020874 -0.038593 0.999037 -4.385758 0.000000 0.000000 0.000000 1.000000
0.999609 0.002098 0.027893 4.131766 -0.003375 0.998944 0.045822 104.612206 -0.027768 -0.045899 0.998560 -4.006172 0.000000 0.000000 0.000000 1.000000
0.999442 0.003020 0.033273 3.125482 -0.004771 0.998601 0.052671 105.199875 -0.033067 -0.052801 0.998057 -3.694155 0.000000 0.000000 0.000000 1.000000
0.999309 0.004465 0.036909 2.071382 -0.006629 0.998253 0.058704 105.859383 -0.036582 -0.058909 0.997593 -3.403772 0.000000 0.000000 0.000000 1.000000
0.999240 0.006862 0.038384 1.100536 -0.009302 0.997923 0.063745 106.621277 -0.037867 -0.064053 0.997228 -3.226990 0.000000 0.000000 0.000000 1.000000
0.999214 0.011103 0.038064 0.338963 -0.013664 0.997613 0.067680 107.476151 -0.037222 -0.068147 0.996981 -3.219485 0.000000 0.000000 0.000000 1.000000
0.999172 0.017470 0.036744 -0.210373 -0.020019 0.997332 0.070204 108.333260 -0.035420 -0.070882 0.996856 -3.333877 0.000000 0.000000 0.000000 1.000000
0.999086 0.025036 0.034653 -0.648695 -0.027446 0.997105 0.070912 109.116310 -0.032777 -0.071798 0.996880 -3.498166 0.000000 0.000000 0.000000 1.000000
0.998931 0.033461 0.031895 -1.046347 -0.035621 0.996929 0.069746 109.785637 -0.029463 -0.070808 0.997055 -3.714627 0.000000 0.000000 0.000000 1.000000
0.998671 0.043034 0.028345 -1.398685 -0.044858 0.996731 0.067189 110.295341 -0.025360 -0.068371 0.997338 -3.944171 0.000000 0.000000 0.000000 1.000000
0.998325 0.053156 0.022860 -1.654194 -0.054521 0.996464 0.063932 110.615929 -0.019381 -0.065071 0.997692 -4.100238 0.000000 0.000000 0.000000 1.000000
0.997919 0.062767 0.014768 -1.762869 -0.063549 0.996149 0.060406 110.786804 -0.010919 -0.061219 0.998065 -4.165009 0.000000 0.000000 0.000000 1.000000
0.997505 0.070452 0.004414 -1.743825 -0.070589 0.995894 0.056685 110.847466 -0.000402 -0.056855 0.998382 -4.120518 0.000000 0.000000 0.000000 1.000000
0.997099 0.075742 -0.007511 -1.680387 -0.075242 0.995761 0.052895 110.748154 0.011485 -0.052176 0.998572 -3.969819 0.000000 0.000000 0.000000 1.000000
0.996542 0.080562 -0.020322 -1.473942 -0.079479 0.995611 0.049415 110.435410 0.024214 -0.047629 0.998572 -3.746892 0.000000 0.000000 0.000000 1.000000
0.995633 0.086910 -0.034089 -1.088836 -0.085283 0.995267 0.046589 109.840515 0.037977 -0.043479 0.998332 -3.492542 0.000000 0.000000 0.000000 1.000000
0.994350 0.094309 -0.048720 -0.559723 -0.092152 0.994738 0.044765 109.026237 0.052685 -0.040022 0.997809 -2.920174 0.000000 0.000000 0.000000 1.000000
0.993180 0.098320 -0.062663 -0.149419 -0.095616 0.994410 0.044788 108.130539 0.066716 -0.038491 0.997029 -2.557151 0.000000 0.000000 0.000000 1.000000
0.992498 0.096469 -0.075108 0.147791 -0.093109 0.994545 0.047026 107.365341 0.079235 -0.039680 0.996066 -2.601586 0.000000 0.000000 0.000000 1.000000
0.992100 0.090743 -0.086617 0.480099 -0.086601 0.994965 0.050444 106.810944 0.090758 -0.042544 0.994964 -2.864154 0.000000 0.000000 0.000000 1.000000
0.991858 0.081580 -0.097787 0.961453 -0.076632 0.995632 0.053331 106.385399 0.101711 -0.045403 0.993777 -2.909110 0.000000 0.000000 0.000000 1.000000
0.991877 0.066764 -0.108272 1.516171 -0.061082 0.996618 0.054978 106.146492 0.111576 -0.047918 0.992600 -2.751192 0.000000 0.000000 0.000000 1.000000
0.991717 0.050476 -0.118106 2.046404 -0.044076 0.997447 0.056191 105.994667 0.120641 -0.050520 0.991410 -2.685458 0.000000 0.000000 0.000000 1.000000
0.991146 0.036025 -0.127793 2.680132 -0.028780 0.997896 0.058089 106.067833 0.129617 -0.053897 0.990098 -2.444630 0.000000 0.000000 0.000000 1.000000
0.990154 0.023538 -0.137989 3.399818 -0.015106 0.997972 0.061839 106.250122 0.139165 -0.059146 0.988501 -2.169003 0.000000 0.000000 0.000000 1.000000
0.989271 0.013956 -0.145426 4.109375 -0.004079 0.997677 0.067993 106.474319 0.146037 -0.066670 0.987030 -1.878795 0.000000 0.000000 0.000000 1.000000
0.988463 0.006388 -0.151329 4.678115 0.005045 0.997167 0.075050 106.752792 0.151380 -0.074947 0.985630 -1.666843 0.000000 0.000000 0.000000 1.000000
0.988156 0.000091 -0.153452 5.068077 0.012368 0.996699 0.080234 107.157059 0.152953 -0.081181 0.984893 -1.609390 0.000000 0.000000 0.000000 1.000000
0.987803 -0.003751 -0.155661 5.350060 0.016685 0.996503 0.081871 107.535858 0.154809 -0.083470 0.984412 -1.690115 0.000000 0.000000 0.000000 1.000000
0.987396 -0.005682 -0.158169 5.565955 0.018610 0.996591 0.080375 107.936928 0.157173 -0.082305 0.984135 -1.899427 0.000000 0.000000 0.000000 1.000000
0.987271 -0.007670 -0.158865 5.724882 0.020192 0.996799 0.077359 108.374794 0.157763 -0.079582 0.984265 -2.073034 0.000000 0.000000 0.000000 1.000000
0.987426 -0.010331 -0.157745 5.826610 0.022252 0.997011 0.073990 108.843567 0.156509 -0.076569 0.984704 -2.224626 0.000000 0.000000 0.000000 1.000000
0.987559 -0.013582 -0.156661 5.845766 0.024808 0.997244 0.069926 109.273476 0.155280 -0.072942 0.985174 -2.380815 0.000000 0.000000 0.000000 1.000000
0.987993 -0.016588 -0.153604 5.754575 0.026764 0.997564 0.064417 109.598450 0.152161 -0.067755 0.986031 -2.523032 0.000000 0.000000 0.000000 1.000000
0.989033 -0.018124 -0.146576 5.557683 0.026792 0.997993 0.057380 109.781395 0.145241 -0.060678 0.987534 -2.617697 0.000000 0.000000 0.000000 1.000000
0.990433 -0.017618 -0.136867 5.285293 0.024598 0.998472 0.049477 109.800842 0.135786 -0.052371 0.989353 -2.651753 0.000000 0.000000 0.000000 1.000000
0.991936 -0.015893 -0.125738 4.968905 0.021301 0.998900 0.041782 109.609268 0.124936 -0.044124 0.991183 -2.630657 0.000000 0.000000 0.000000 1.000000
0.993302 -0.014161 -0.114677 4.674788 0.018340 0.999202 0.035471 109.147224 0.114083 -0.037336 0.992769 -2.550970 0.000000 0.000000 0.000000 1.000000
0.994896 -0.012312 -0.100149 4.370571 0.015555 0.999377 0.031672 108.757797 0.099697 -0.033068 0.994468 -2.446401 0.000000 0.000000 0.000000 1.000000
0.996367 -0.009824 -0.084596 4.057897 0.012478 0.999445 0.030900 108.249695 0.084246 -0.031844 0.995936 -2.366879 0.000000 0.000000 0.000000 1.000000
0.997529 -0.006227 -0.069980 3.739536 0.008540 0.999425 0.032800 107.608391 0.069735 -0.033317 0.997009 -2.343350 0.000000 0.000000 0.000000 1.000000
0.998352 -0.001056 -0.057384 3.415401 0.003140 0.999338 0.036235 107.086349 0.057308 -0.036355 0.997694 -2.332033 0.000000 0.000000 0.000000 1.000000
0.999033 0.005391 -0.043643 3.086913 -0.003657 0.999204 0.039713 106.644165 0.043823 -0.039515 0.998258 -2.268574 0.000000 0.000000 0.000000 1.000000
0.999482 0.011948 -0.029895 2.757707 -0.010668 0.999035 0.042615 106.459839 0.030375 -0.042274 0.998644 -2.197625 0.000000 0.000000 0.000000 1.000000
0.999725 0.015703 -0.017441 2.412638 -0.014857 0.998756 0.047590 106.474228 0.018166 -0.047317 0.998715 -1.881518 0.000000 0.000000 0.000000 1.000000
0.999790 0.019352 -0.006742 2.073757 -0.018956 0.998330 0.054564 106.583542 0.007787 -0.054425 0.998488 -1.782877 0.000000 0.000000 0.000000 1.000000
0.999729 0.023159 0.002320 1.758978 -0.023259 0.997727 0.063243 107.178322 -0.000850 -0.063280 0.997995 -1.644721 0.000000 0.000000 0.000000 1.000000
0.999548 0.028057 0.010783 1.463606 -0.028772 0.996906 0.073141 107.914597 -0.008698 -0.073418 0.997263 -1.517646 0.000000 0.000000 0.000000 1.000000
0.999238 0.033829 0.019491 1.183002 -0.035349 0.995854 0.083817 108.686798 -0.016575 -0.084442 0.996291 -1.496463 0.000000 0.000000 0.000000 1.000000
0.998983 0.035732 0.027516 0.904882 -0.038209 0.994699 0.095471 109.342361 -0.023959 -0.096425 0.995052 -1.617469 0.000000 0.000000 0.000000 1.000000
0.998825 0.033976 0.034571 0.620861 -0.037403 0.993885 0.103890 109.955956 -0.030830 -0.105061 0.993988 -1.843083 0.000000 0.000000 0.000000 1.000000
0.998485 0.036887 0.040828 0.376184 -0.041004 0.993616 0.105096 110.200394 -0.036691 -0.106610 0.993624 -2.108139 0.000000 0.000000 0.000000 1.000000</float_array><technique_common><accessor source="#Hips-Matrix-animation-output-transform-array" count="87" stride="16"><param type="float4x4"/></accessor></technique_common></source><source id="Hips-Interpolations"><Name_array id="Hips-Interpolations-array" count="87">
 LINEAR LINEAR LINEAR LINEAR LINEAR LINEAR LINEAR LINEAR LINEAR LINEAR LINEAR
LINEAR LINEAR LINEAR LINEAR LINEAR LINEAR LINEAR LINEAR LINEAR LINEAR LINEAR LINEAR
LINEAR LINEAR LINEAR LINEAR LINEAR LINEAR LINEAR LINEAR LINEAR LINEAR LINEAR LINEAR
LINEAR LINEAR LINEAR LINEAR LINEAR LINEAR LINEAR LINEAR LINEAR LINEAR LINEAR LINEAR
LINEAR LINEAR LINEAR LINEAR LINEAR LINEAR LINEAR LINEAR LINEAR LINEAR LINEAR LINEAR
LINEAR LINEAR LINEAR LINEAR LINEAR LINEAR LINEAR LINEAR LINEAR LINEAR LINEAR LINEAR
LINEAR LINEAR LINEAR LINEAR LINEAR LINEAR LINEAR LINEAR LINEAR LINEAR LINEAR LINEAR
LINEAR LINEAR LINEAR LINEAR</Name_array><technique_common><accessor source="#Hips-Interpolations-array" count="87"><param type="name"/></accessor></technique_common></source><sampler id="Hips-Matrix-animation-transform"><input semantic="INPUT" source="#Hips-Matrix-animation-input"/><input semantic="OUTPUT" source="#Hips-Matrix-animation-output-transform"/><input semantic="INTERPOLATION" source="#Hips-Interpolations"/></sampler><channel source="#Hips-Matrix-animation-transform" target="Hips/matrix"/></animation>
    <animation id="Spine-anim" name="Spine"><source id="Spine-Matrix-animation-input"><float_array id="Spine-Matrix-animation-input-array" count="87">

0.000000 0.033333 0.066667 0.100000 0.133333 0.166667 0.200000 0.233333 0.266667 0.300000 0.333333 0.366667 0.400000 0.433333 0.466667 0.500000
0.533333 0.566667 0.600000 0.633333 0.666667 0.700000 0.733333 0.766667 0.800000 0.833333 0.866667 0.900000 0.933333 0.966667 1.000000 1.033333
1.066667 1.100000 1.133333 1.166667 1.200000 1.233333 1.266667 1.300000 1.333333 1.366667 1.400000 1.433333 1.466667 1.500000 1.533333 1.566667
1.600000 1.633333 1.666667 1.700000 1.733333 1.766667 1.800000 1.833333 1.866667 1.900000 1.933333 1.966667 2.000000 2.033333 2.066667 2.100000
2.133333 2.166667 2.200000 2.233333 2.266667 2.300000 2.333333 2.366667 2.400000 2.433333 2.466667 2.500000 2.533333 2.566667 2.600000 2.633333
2.666667 2.700000 2.733333 2.766667 2.800000 2.833333 2.866667</float_array><technique_common><accessor source="#Spine-Matrix-animation-input-array" count="87"><param name="TIME" type="float"/></accessor></technique_common></source><source id="Spine-Matrix-animation-output-transform"><float_array id="Spine-Matrix-animation-output-transform-array" count="1392">

0.999998 -0.001505 0.001426 0.000000 0.001473 0.999750 0.022328 8.536500 -0.001459 -0.022325 0.999750 0.187100 0.000000 0.000000 0.000000 1.000000
0.999993 -0.002858 0.002517 -0.000000 0.002802 0.999756 0.021923 8.536500 -0.002579 -0.021915 0.999757 0.187100 0.000000 0.000000 0.000000 1.000000
0.999984 -0.004235 0.003672 0.000000 0.004155 0.999761 0.021483 8.536500 -0.003762 -0.021467 0.999762 0.187100 0.000000 0.000000 0.000000 1.000000
0.999975 -0.005082 0.004911 0.000000 0.004976 0.999762 0.021224 8.536500 -0.005018 -0.021199 0.999763 0.187100 0.000000 0.000000 0.000000 1.000000
0.999967 -0.005360 0.006167 0.000000 0.005228 0.999761 0.021248 8.536500 -0.006280 -0.021215 0.999755 0.187100 0.000000 0.000000 0.000000 1.000000
0.999959 -0.005336 0.007340 -0.000000 0.005176 0.999752 0.021650 8.536500 -0.007453 -0.021612 0.999739 0.187100 0.000000 0.000000 0.000000 1.000000
0.999955 -0.004415 0.008382 0.000000 0.004224 0.999735 0.022651 8.536500 -0.008479 -0.022614 0.999708 0.187100 0.000000 0.000000 0.000000 1.000000
0.999951 -0.003308 0.009367 0.000000 0.003078 0.999697 0.024411 8.536500 -0.009445 -0.024381 0.999658 0.187100 0.000000 0.000000 0.000000 1.000000
0.999942 -0.003222 0.010235 -0.000000 0.002949 0.999640 0.026661 8.536500 -0.010317 -0.026629 0.999592 0.187100 0.000000 0.000000 0.000000 1.000000
0.999936 -0.003425 0.010820 -0.000000 0.003114 0.999585 0.028650 8.536500 -0.010914 -0.028614 0.999531 0.187100 0.000000 0.000000 0.000000 1.000000
0.999930 -0.003840 0.011194 -0.000000 0.003505 0.999552 0.029738 8.536500 -0.011304 -0.029697 0.999495 0.187100 0.000000 0.000000 0.000000 1.000000
0.999925 -0.004565 0.011338 0.000000 0.004225 0.999546 0.029833 8.536500 -0.011470 -0.029783 0.999491 0.187100 0.000000 0.000000 0.000000 1.000000
0.999922 -0.005600 0.011164 0.000000 0.005271 0.999559 0.029239 8.536500 -0.011323 -0.029178 0.999510 0.187100 0.000000 0.000000 0.000000 1.000000
0.999926 -0.005743 0.010704 -0.000000 0.005438 0.999585 0.028296 8.536500 -0.010862 -0.028236 0.999542 0.187100 0.000000 0.000000 0.000000 1.000000
0.999942 -0.004063 0.009952 0.000000 0.003790 0.999620 0.027321 8.536500 -0.010059 -0.027282 0.999577 0.187100 0.000000 0.000000 0.000000 1.000000
0.999958 -0.002057 0.008936 0.000000 0.001818 0.999645 0.026596 8.536500 -0.008988 -0.026579 0.999606 0.187100 0.000000 0.000000 0.000000 1.000000
0.999971 -0.000799 0.007538 0.000000 0.000602 0.999659 0.026088 8.536500 -0.007556 -0.026083 0.999631 0.187100 0.000000 0.000000 0.000000 1.000000
0.999984 0.000098 0.005709 0.000000 -0.000244 0.999676 0.025463 8.536500 -0.005705 -0.025464 0.999659 0.187100 0.000000 0.000000 0.000000 1.000000
0.999992 0.001279 0.003689 0.000000 -0.001369 0.999700 0.024464 8.536500 -0.003657 -0.024468 0.999694 0.187100 0.000000 0.000000 0.000000 1.000000
0.999993 0.003226 0.001684 -0.000000 -0.003265 0.999724 0.023254 8.536500 -0.001609 -0.023259 0.999728 0.187100 0.000000 0.000000 0.000000 1.000000
0.999984 0.005623 -0.000329 -0.000000 -0.005615 0.999738 0.022209 8.536500 0.000454 -0.022207 0.999753 0.187100 0.000000 0.000000 0.000000 1.000000
0.999965 0.007929 -0.002565 0.000000 -0.007872 0.999738 0.021478 8.536500 0.002735 -0.021457 0.999766 0.187100 0.000000 0.000000 0.000000 1.000000
0.999939 0.009870 -0.005014 -0.000000 -0.009763 0.999734 0.020901 8.536500 0.005219 -0.020851 0.999769 0.187100 0.000000 0.000000 0.000000 1.000000
0.999908 0.011325 -0.007483 0.000000 -0.011171 0.999731 0.020343 8.536500 0.007711 -0.020257 0.999765 0.187100 0.000000 0.000000 0.000000 1.000000
0.999878 0.012112 -0.009848 0.000000 -0.011914 0.999731 0.019914 8.536500 0.010087 -0.019794 0.999753 0.187100 0.000000 0.000000 0.000000 1.000000
0.999856 0.011926 -0.012065 0.000000 -0.011685 0.999735 0.019852 8.536500 0.012298 -0.019708 0.999730 0.187100 0.000000 0.000000 0.000000 1.000000
0.999845 0.010682 -0.014004 0.000000 -0.010397 0.999741 0.020244 8.536500 0.014217 -0.020095 0.999697 0.187100 0.000000 0.000000 0.000000 1.000000
0.999842 0.008736 -0.015511 0.000000 -0.008410 0.999745 0.020964 8.536500 0.015690 -0.020830 0.999660 0.187100 0.000000 0.000000 0.000000 1.000000
0.999844 0.006042 -0.016581 0.000000 -0.005680 0.999746 0.021825 8.536500 0.016709 -0.021727 0.999624 0.187100 0.000000 0.000000 0.000000 1.000000
0.999848 0.002747 -0.017205 0.000000 -0.002356 0.999739 0.022709 8.536500 0.017263 -0.022665 0.999594 0.187100 0.000000 0.000000 0.000000 1.000000
0.999843 0.000675 -0.017680 0.000000 -0.000259 0.999723 0.023533 8.536500 0.017691 -0.023525 0.999567 0.187100 0.000000 0.000000 0.000000 1.000000
0.999837 -0.000805 -0.018010 0.000000 0.001238 0.999710 0.024069 8.536500 0.017986 -0.024088 0.999548 0.187100 0.000000 0.000000 0.000000 1.000000
0.999833 -0.001219 -0.018218 0.000000 0.001661 0.999703 0.024301 8.536500 0.018183 -0.024327 0.999539 0.187100 0.000000 0.000000 0.000000 1.000000
0.999834 -0.000864 -0.018182 0.000000 0.001306 0.999704 0.024293 8.536500 0.018156 -0.024312 0.999540 0.187100 0.000000 0.000000 0.000000 1.000000
0.999840 0.000790 -0.017848 0.000000 -0.000356 0.999705 0.024290 8.536500 0.017862 -0.024280 0.999546 0.187100 0.000000 0.000000 0.000000 1.000000
0.999850 0.001275 -0.017265 -0.000000 -0.000852 0.999700 0.024495 8.536500 0.017291 -0.024477 0.999551 0.187100 0.000000 0.000000 0.000000 1.000000
0.999868 0.000293 -0.016270 0.000000 0.000115 0.999686 0.025062 8.536500 0.016273 -0.025061 0.999553 0.187100 0.000000 0.000000 0.000000 1.000000
0.999892 -0.000166 -0.014672 0.000000 0.000547 0.999663 0.025963 8.536500 0.014663 -0.025968 0.999555 0.187100 0.000000 0.000000 0.000000 1.000000
0.999920 -0.000532 -0.012599 0.000000 0.000871 0.999637 0.026945 8.536500 0.012581 -0.026954 0.999558 0.187100 0.000000 0.000000 0.000000 1.000000
0.999951 -0.000290 -0.009884 0.000000 0.000563 0.999618 0.027632 8.536500 0.009872 -0.027636 0.999569 0.187100 0.000000 0.000000 0.000000 1.000000
0.999976 -0.000063 -0.006873 0.000000 0.000253 0.999618 0.027649 8.536500 0.006868 -0.027650 0.999594 0.187100 0.000000 0.000000 0.000000 1.000000
0.999990 -0.001077 -0.004305 0.000000 0.001193 0.999637 0.026907 8.536500 0.004275 -0.026912 0.999629 0.187100 0.000000 0.000000 0.000000 1.000000
0.999991 -0.003362 -0.002525 0.000000 0.003426 0.999665 0.025648 8.536500 0.002438 -0.025656 0.999668 0.187100 0.000000 0.000000 0.000000 1.000000
0.999980 -0.006138 -0.001238 0.000000 0.006167 0.999687 0.024231 8.536500 0.001089 -0.024238 0.999706 0.187100 0.000000 0.000000 0.000000 1.000000
0.999960 -0.008990 -0.000099 0.000000 0.008990 0.999697 0.022935 8.536500 -0.000107 -0.022935 0.999737 0.187100 0.000000 0.000000 0.000000 1.000000
0.999937 -0.011214 0.001037 0.000000 0.011189 0.999697 0.021945 8.536500 -0.001283 -0.021932 0.999759 0.187100 0.000000 0.000000 0.000000 1.000000
0.999920 -0.012486 0.002186 -0.000000 0.012436 0.999694 0.021376 8.536500 -0.002452 -0.021347 0.999769 0.187100 0.000000 0.000000 0.000000 1.000000
0.999914 -0.012653 0.003309 0.000000 0.012580 0.999693 0.021343 8.536500 -0.003578 -0.021299 0.999767 0.187100 0.000000 0.000000 0.000000 1.000000
0.999921 -0.011776 0.004325 0.000000 0.011678 0.999690 0.021995 8.536500 -0.004583 -0.021943 0.999749 0.187100 0.000000 0.000000 0.000000 1.000000
0.999931 -0.010545 0.005149 0.000000 0.010421 0.999669 0.023536 8.536500 -0.005396 -0.023481 0.999710 0.187100 0.000000 0.000000 0.000000 1.000000
0.999938 -0.009516 0.005792 0.000000 0.009363 0.999618 0.025995 8.536500 -0.006037 -0.025939 0.999645 0.187100 0.000000 0.000000 0.000000 1.000000
0.999933 -0.009597 0.006425 0.000000 0.009408 0.999540 0.028842 8.536500 -0.006699 -0.028780 0.999563 0.187100 0.000000 0.000000 0.000000 1.000000
0.999926 -0.009927 0.006994 0.000000 0.009705 0.999468 0.031129 8.536500 -0.007300 -0.031059 0.999491 0.187100 0.000000 0.000000 0.000000 1.000000
0.999929 -0.009371 0.007368 0.000000 0.009129 0.999438 0.032257 8.536500 -0.007666 -0.032187 0.999452 0.187100 0.000000 0.000000 0.000000 1.000000
0.999938 -0.008156 0.007579 -0.000000 0.007906 0.999443 0.032430 8.536500 -0.007840 -0.032368 0.999445 0.187100 0.000000 0.000000 0.000000 1.000000
0.999941 -0.007723 0.007659 0.000000 0.007473 0.999453 0.032230 8.536500 -0.007904 -0.032171 0.999451 0.187100 0.000000 0.000000 0.000000 1.000000
0.999953 -0.006049 0.007567 -0.000000 0.005804 0.999473 0.031951 8.536500 -0.007756 -0.031905 0.999461 0.187100 0.000000 0.000000 0.000000 1.000000
0.999966 -0.003281 0.007531 -0.000000 0.003042 0.999497 0.031564 8.536500 -0.007630 -0.031540 0.999473 0.187100 0.000000 0.000000 0.000000 1.000000
0.999973 -0.000494 0.007327 -0.000000 0.000267 0.999520 0.030989 8.536500 -0.007339 -0.030986 0.999493 0.187100 0.000000 0.000000 0.000000 1.000000
0.999973 0.002007 0.007131 0.000000 -0.002221 0.999542 0.030179 8.536500 -0.007068 -0.030194 0.999519 0.187100 0.000000 0.000000 0.000000 1.000000
0.999971 0.003522 0.006771 0.000000 -0.003718 0.999569 0.029109 8.536500 -0.006666 -0.029133 0.999553 0.187100 0.000000 0.000000 0.000000 1.000000
0.999972 0.004556 0.005997 0.000000 -0.004722 0.999600 0.027870 8.536500 -0.005868 -0.027898 0.999594 0.187100 0.000000 0.000000 0.000000 1.000000
0.999972 0.005683 0.004937 0.000000 -0.005812 0.999627 0.026693 8.536500 -0.004783 -0.026721 0.999631 0.187100 0.000000 0.000000 0.000000 1.000000
0.999967 0.007076 0.003912 0.000000 -0.007175 0.999642 0.025788 8.536500 -0.003728 -0.025816 0.999660 0.187100 0.000000 0.000000 0.000000 1.000000
0.999959 0.008518 0.002909 0.000000 -0.008588 0.999648 0.025115 8.536500 -0.002694 -0.025139 0.999680 0.187100 0.000000 0.000000 0.000000 1.000000
0.999951 0.009828 0.001497 -0.000000 -0.009862 0.999652 0.024456 8.536500 -0.001256 -0.024469 0.999700 0.187100 0.000000 0.000000 0.000000 1.000000
0.999943 0.010668 -0.000022 0.000000 -0.010664 0.999663 0.023656 8.536500 0.000274 -0.023654 0.999720 0.187100 0.000000 0.000000 0.000000 1.000000
0.999937 0.011112 -0.001547 -0.000000 -0.011074 0.999678 0.022841 8.536500 0.001801 -0.022822 0.999738 0.187100 0.000000 0.000000 0.000000 1.000000
0.999935 0.010999 -0.003058 -0.000000 -0.010928 0.999692 0.022283 8.536500 0.003302 -0.022248 0.999747 0.187100 0.000000 0.000000 0.000000 1.000000
0.999940 0.009970 -0.004521 0.000000 -0.009867 0.999706 0.022148 8.536500 0.004740 -0.022102 0.999744 0.187100 0.000000 0.000000 0.000000 1.000000
0.999951 0.008024 -0.005873 0.000000 -0.007891 0.999718 0.022388 8.536500 0.006051 -0.022340 0.999732 0.187100 0.000000 0.000000 0.000000 1.000000
0.999957 0.005924 -0.007103 0.000000 -0.005760 0.999722 0.022859 8.536500 0.007236 -0.022817 0.999713 0.187100 0.000000 0.000000 0.000000 1.000000
0.999956 0.004472 -0.008249 0.000000 -0.004278 0.999716 0.023458 8.536500 0.008351 -0.023422 0.999691 0.187100 0.000000 0.000000 0.000000 1.000000
0.999953 0.003115 -0.009143 0.000000 -0.002894 0.999705 0.024100 8.536500 0.009215 -0.024073 0.999668 0.187100 0.000000 0.000000 0.000000 1.000000
0.999952 0.002030 -0.009621 -0.000000 -0.001792 0.999694 0.024673 8.536500 0.009668 -0.024654 0.999649 0.187100 0.000000 0.000000 0.000000 1.000000
0.999950 0.001840 -0.009810 0.000000 -0.001594 0.999684 0.025090 8.536500 0.009853 -0.025073 0.999637 0.187100 0.000000 0.000000 0.000000 1.000000
0.999947 0.002671 -0.009926 -0.000000 -0.002419 0.999675 0.025381 8.536500 0.009990 -0.025356 0.999629 0.187100 0.000000 0.000000 0.000000 1.000000
0.999946 0.003105 -0.009953 0.000000 -0.002848 0.999666 0.025694 8.536500 0.010030 -0.025664 0.999620 0.187100 0.000000 0.000000 0.000000 1.000000
0.999951 0.001672 -0.009777 -0.000000 -0.001416 0.999657 0.026138 8.536500 0.009818 -0.026123 0.999611 0.187100 0.000000 0.000000 0.000000 1.000000
0.999957 0.000806 -0.009253 0.000000 -0.000559 0.999644 0.026684 8.536500 0.009272 -0.026678 0.999601 0.187100 0.000000 0.000000 0.000000 1.000000
0.999965 -0.000053 -0.008343 -0.000000 0.000280 0.999631 0.027175 8.536500 0.008338 -0.027177 0.999596 0.187100 0.000000 0.000000 0.000000 1.000000
0.999977 0.000389 -0.006724 -0.000000 -0.000204 0.999622 0.027476 8.536500 0.006732 -0.027474 0.999600 0.187100 0.000000 0.000000 0.000000 1.000000
0.999988 0.001257 -0.004645 0.000000 -0.001129 0.999623 0.027421 8.536500 0.004677 -0.027416 0.999613 0.187100 0.000000 0.000000 0.000000 1.000000
0.999996 0.001279 -0.002621 0.000000 -0.001209 0.999643 0.026697 8.536500 0.002654 -0.026694 0.999640 0.187100 0.000000 0.000000 0.000000 1.000000
0.999999 0.000268 -0.001050 -0.000000 -0.000242 0.999685 0.025101 8.536500 0.001057 -0.025101 0.999684 0.187100 0.000000 0.000000 0.000000 1.000000
1.000000 -0.000261 0.000356 0.000000 0.000252 0.999726 0.023411 8.536500 -0.000362 -0.023411 0.999726 0.187100 0.000000 0.000000 0.000000 1.000000
0.999998 -0.001505 0.001426 0.000000 0.001473 0.999750 0.022328 8.536500 -0.001459 -0.022325 0.999750 0.187100 0.000000 0.000000 0.000000 1.000000</float_array><technique_common><accessor source="#Spine-Matrix-animation-output-transform-array" count="87" stride="16"><param type="float4x4"/></accessor></technique_common></source><source id="Spine-Interpolations"><Name_array id="Spine-Interpolations-array" count="87">
 LINEAR LINEAR LINEAR LINEAR LINEAR LINEAR LINEAR LINEAR LINEAR LINEAR LINEAR
LINEAR LINEAR LINEAR LINEAR LINEAR LINEAR LINEAR LINEAR LINEAR LINEAR LINEAR LINEAR
LINEAR LINEAR LINEAR LINEAR LINEAR LINEAR LINEAR LINEAR LINEAR LINEAR LINEAR LINEAR
LINEAR LINEAR LINEAR LINEAR LINEAR LINEAR LINEAR LINEAR LINEAR LINEAR LINEAR LINEAR
LINEAR LINEAR LINEAR LINEAR LINEAR LINEAR LINEAR LINEAR LINEAR LINEAR LINEAR LINEAR
LINEAR LINEAR LINEAR LINEAR LINEAR LINEAR LINEAR LINEAR LINEAR LINEAR LINEAR LINEAR
LINEAR LINEAR LINEAR LINEAR LINEAR LINEAR LINEAR LINEAR LINEAR LINEAR LINEAR LINEAR
LINEAR LINEAR LINEAR LINEAR</Name_array><technique_common><accessor source="#Spine-Interpolations-array" count="87"><param type="name"/></accessor></technique_common></source><sampler id="Spine-Matrix-animation-transform"><input semantic="INPUT" source="#Spine-Matrix-animation-input"/><input semantic="OUTPUT" source="#Spine-Matrix-animation-output-transform"/><input semantic="INTERPOLATION" source="#Spine-Interpolations"/></sampler><channel source="#Spine-Matrix-animation-transform" target="Spine/matrix"/></animation>
    <animation id="Spine1-anim" name="Spine1"><source id="Spine1-Matrix-animation-input"><float_array id="Spine1-Matrix-animation-input-array" count="87">

0.000000 0.033333 0.066667 0.100000 0.133333 0.166667 0.200000 0.233333 0.266667 0.300000 0.333333 0.366667 0.400000 0.433333 0.466667 0.500000
0.533333 0.566667 0.600000 0.633333 0.666667 0.700000 0.733333 0.766667 0.800000 0.833333 0.866667 0.900000 0.933333 0.966667 1.000000 1.033333
1.066667 1.100000 1.133333 1.166667 1.200000 1.233333 1.266667 1.300000 1.333333 1.366667 1.400000 1.433333 1.466667 1.500000 1.533333 1.566667
1.600000 1.633333 1.666667 1.700000 1.733333 1.766667 1.800000 1.833333 1.866667 1.900000 1.933333 1.966667 2.000000 2.033333 2.066667 2.100000
2.133333 2.166667 2.200000 2.233333 2.266667 2.300000 2.333333 2.366667 2.400000 2.433333 2.466667 2.500000 2.533333 2.566667 2.600000 2.633333
2.666667 2.700000 2.733333 2.766667 2.800000 2.833333 2.866667</float_array><technique_common><accessor source="#Spine1-Matrix-animation-input-array" count="87"><param name="TIME" type="float"/></accessor></technique_common></source><source id="Spine1-Matrix-animation-output-transform"><float_array id="Spine1-Matrix-animation-output-transform-array" count="1392">

0.999885 0.012184 0.009055 -0.000000 -0.012576 0.998927 0.044571 9.703700 -0.008502 -0.044680 0.998965 0.160100 0.000000 0.000000 0.000000 1.000000
0.999870 0.012075 0.010653 0.000000 -0.012530 0.998965 0.043732 9.703700 -0.010113 -0.043860 0.998987 0.160100 0.000000 0.000000 0.000000 1.000000
0.999879 0.010270 0.011704 -0.000000 -0.010762 0.999024 0.042835 9.703700 -0.011253 -0.042955 0.999014 0.160100 0.000000 0.000000 0.000000 1.000000
0.999895 0.007260 0.012511 0.000000 -0.007784 0.999074 0.042317 9.703700 -0.012192 -0.042410 0.999026 0.160100 0.000000 0.000000 0.000000 1.000000
0.999905 0.003333 0.013341 -0.000000 -0.003896 0.999094 0.042383 9.703700 -0.013188 -0.042431 0.999012 0.160100 0.000000 0.000000 0.000000 1.000000
0.999897 -0.000958 0.014344 -0.000000 0.000338 0.999066 0.043220 9.703700 -0.014372 -0.043211 0.998963 0.160100 0.000000 0.000000 0.000000 1.000000
0.999866 -0.005314 0.015514 0.000000 0.004607 0.998964 0.045278 9.703700 -0.015739 -0.045200 0.998854 0.160100 0.000000 0.000000 0.000000 1.000000
0.999805 -0.010386 0.016784 0.000000 0.009555 0.998759 0.048880 9.703700 -0.017270 -0.048710 0.998664 0.160100 0.000000 0.000000 0.000000 1.000000
0.999715 -0.015766 0.017900 -0.000000 0.014789 0.998461 0.053457 9.703700 -0.018716 -0.053177 0.998410 0.160100 0.000000 0.000000 0.000000 1.000000
0.999643 -0.019214 0.018540 0.000000 0.018120 0.998182 0.057484 9.703700 -0.019610 -0.057128 0.998174 0.160100 0.000000 0.000000 0.000000 1.000000
0.999628 -0.019900 0.018653 0.000000 0.018756 0.998042 0.059663 9.703700 -0.019804 -0.059291 0.998044 0.160100 0.000000 0.000000 0.000000 1.000000
0.999652 -0.018928 0.018371 -0.000000 0.017798 0.998050 0.059821 9.703700 -0.019468 -0.059473 0.998040 0.160100 0.000000 0.000000 0.000000 1.000000
0.999695 -0.017279 0.017672 -0.000000 0.016216 0.998151 0.058586 9.703700 -0.018651 -0.058281 0.998126 0.160100 0.000000 0.000000 0.000000 1.000000
0.999752 -0.015154 0.016317 0.000000 0.014207 0.998292 0.056661 9.703700 -0.017148 -0.056415 0.998260 0.160100 0.000000 0.000000 0.000000 1.000000
0.999820 -0.012610 0.014180 0.000000 0.011817 0.998433 0.054703 9.703700 -0.014848 -0.054525 0.998402 0.160100 0.000000 0.000000 0.000000 1.000000
0.999883 -0.010077 0.011485 0.000000 0.009452 0.998537 0.053245 9.703700 -0.012005 -0.053130 0.998515 0.160100 0.000000 0.000000 0.000000 1.000000
0.999934 -0.007675 0.008522 0.000000 0.007220 0.998610 0.052212 9.703700 -0.008911 -0.052147 0.998600 0.160100 0.000000 0.000000 0.000000 1.000000
0.999972 -0.005123 0.005388 0.000000 0.004842 0.998690 0.050940 9.703700 -0.005642 -0.050912 0.998687 0.160100 0.000000 0.000000 0.000000 1.000000
0.999995 -0.002489 0.001903 0.000000 0.002393 0.998800 0.048927 9.703700 -0.002022 -0.048922 0.998801 0.160100 0.000000 0.000000 0.000000 1.000000
0.999998 -0.000367 -0.002177 0.000000 0.000467 0.998918 0.046498 9.703700 0.002158 -0.046499 0.998916 0.160100 0.000000 0.000000 0.000000 1.000000
0.999976 0.000958 -0.006793 0.000000 -0.000655 0.999014 0.044390 9.703700 0.006829 -0.044385 0.998991 0.160100 0.000000 0.000000 0.000000 1.000000
0.999932 0.001903 -0.011502 0.000000 -0.001408 0.999079 0.042892 9.703700 0.011573 -0.042873 0.999014 0.160100 0.000000 0.000000 0.000000 1.000000
0.999871 0.003019 -0.015802 -0.000000 -0.002358 0.999128 0.041693 9.703700 0.015914 -0.041651 0.999005 0.160100 0.000000 0.000000 0.000000 1.000000
0.999800 0.004502 -0.019464 0.000000 -0.003710 0.999171 0.040537 9.703700 0.019631 -0.040457 0.998988 0.160100 0.000000 0.000000 0.000000 1.000000
0.999725 0.006230 -0.022600 0.000000 -0.005330 0.999199 0.039657 9.703700 0.022829 -0.039526 0.998958 0.160100 0.000000 0.000000 0.000000 1.000000
0.999645 0.008014 -0.025418 -0.000000 -0.007005 0.999193 0.039541 9.703700 0.025714 -0.039348 0.998895 0.160100 0.000000 0.000000 0.000000 1.000000
0.999563 0.009580 -0.027957 0.000000 -0.008447 0.999149 0.040369 9.703700 0.028320 -0.040115 0.998794 0.160100 0.000000 0.000000 0.000000 1.000000
0.999491 0.010546 -0.030117 0.000000 -0.009279 0.999080 0.041877 9.703700 0.030531 -0.041577 0.998669 0.160100 0.000000 0.000000 0.000000 1.000000
0.999435 0.010830 -0.031816 0.000000 -0.009434 0.999001 0.043688 9.703700 0.032257 -0.043363 0.998538 0.160100 0.000000 0.000000 0.000000 1.000000
0.999396 0.010764 -0.033047 0.000000 -0.009252 0.998918 0.045566 9.703700 0.033502 -0.045233 0.998415 0.160100 0.000000 0.000000 0.000000 1.000000
0.999369 0.010636 -0.033896 -0.000000 -0.009027 0.998841 0.047285 9.703700 0.034360 -0.046949 0.998306 0.160100 0.000000 0.000000 0.000000 1.000000
0.999354 0.010330 -0.034418 0.000000 -0.008657 0.998790 0.048404 9.703700 0.034876 -0.048075 0.998235 0.160100 0.000000 0.000000 0.000000 1.000000
0.999359 0.009364 -0.034552 0.000000 -0.007669 0.998776 0.048857 9.703700 0.034967 -0.048560 0.998208 0.160100 0.000000 0.000000 0.000000 1.000000
0.999385 0.007666 -0.034224 0.000000 -0.005991 0.998791 0.048782 9.703700 0.034557 -0.048547 0.998223 0.160100 0.000000 0.000000 0.000000 1.000000
0.999426 0.006027 -0.033351 -0.000000 -0.004399 0.998805 0.048673 9.703700 0.033604 -0.048498 0.998258 0.160100 0.000000 0.000000 0.000000 1.000000
0.999484 0.005265 -0.031674 0.000000 -0.003707 0.998790 0.049045 9.703700 0.031893 -0.048903 0.998294 0.160100 0.000000 0.000000 0.000000 1.000000
0.999574 0.005498 -0.028674 -0.000000 -0.004053 0.998730 0.050210 9.703700 0.028914 -0.050072 0.998327 0.160100 0.000000 0.000000 0.000000 1.000000
0.999685 0.006140 -0.024316 0.000000 -0.004868 0.998634 0.052023 9.703700 0.024602 -0.051888 0.998350 0.160100 0.000000 0.000000 0.000000 1.000000
0.999795 0.006468 -0.019211 0.000000 -0.005423 0.998527 0.053981 9.703700 0.019532 -0.053865 0.998357 0.160100 0.000000 0.000000 0.000000 1.000000
0.999884 0.006049 -0.013949 -0.000000 -0.005268 0.998455 0.055318 9.703700 0.014262 -0.055238 0.998371 0.160100 0.000000 0.000000 0.000000 1.000000
0.999947 0.005057 -0.008932 -0.000000 -0.004555 0.998458 0.055317 9.703700 0.009198 -0.055274 0.998429 0.160100 0.000000 0.000000 0.000000 1.000000
0.999983 0.003801 -0.004387 0.000000 -0.003559 0.998544 0.053818 9.703700 0.004585 -0.053802 0.998541 0.160100 0.000000 0.000000 0.000000 1.000000
0.999997 0.002398 -0.000686 0.000000 -0.002360 0.998681 0.051293 9.703700 0.000808 -0.051291 0.998683 0.160100 0.000000 0.000000 0.000000 1.000000
0.999998 0.000719 0.002005 0.000000 -0.000815 0.998825 0.048450 9.703700 -0.001968 -0.048452 0.998824 0.160100 0.000000 0.000000 0.000000 1.000000
0.999991 -0.001536 0.003852 0.000000 0.001358 0.998948 0.045844 9.703700 -0.003918 -0.045838 0.998941 0.160100 0.000000 0.000000 0.000000 1.000000
0.999978 -0.004402 0.005042 -0.000000 0.004177 0.999029 0.043853 9.703700 -0.005230 -0.043831 0.999025 0.160100 0.000000 0.000000 0.000000 1.000000
0.999954 -0.007532 0.005956 0.000000 0.007271 0.999061 0.042708 9.703700 -0.006273 -0.042663 0.999070 0.160100 0.000000 0.000000 0.000000 1.000000
0.999923 -0.010323 0.006890 0.000000 0.010020 0.999040 0.042642 9.703700 -0.007324 -0.042569 0.999067 0.160100 0.000000 0.000000 0.000000 1.000000
