<?xml version="1.0" encoding="utf-8"?>
<COLLADA xmlns="http://www.collada.org/2005/11/COLLADASchema" version="1.4.1">
  <asset><contributor><author>Mixamo</author><authoring_tool>COLLADA Mixamo exporter</authoring_tool><comments></comments></contributor><created>2021-05-08T14:39:10Z</created><modified>2021-05-08T14:39:10Z</modified><revision></revision><title></title><unit meter="0.010000"/><up_axis>Y_UP</up_axis></asset>
  <library_animations>
    <animation id="Hips-anim" name="Hips"><source id="Hips-Matrix-animation-input"><float_array id="Hips-Matrix-animation-input-array" count="65">

0.000000 0.033333 0.066667 0.100000 0.133333 0.166667 0.200000 0.233333 0.266667 0.300000 0.333333 0.366667 0.400000 0.433333 0.466667 0.500000
0.533333 0.566667 0.600000 0.633333 0.666667 0.700000 0.733333 0.766667 0.800000 0.833333 0.866667 0.900000 0.933333 0.966667 1.000000 1.033333
1.066667 1.100000 1.133333 1.166667 1.200000 1.233333 1.266667 1.300000 1.333333 1.366667 1.400000 1.433333 1.466667 1.500000 1.533333 1.566667
1.600000 1.633333 1.666667 1.700000 1.733333 1.766667 1.800000 1.833333 1.866667 1.900000 1.933333 1.966667 2.000000 2.033333 2.066667 2.100000
2.133333</float_array><technique_common><accessor source="#Hips-Matrix-animation-input-array" count="65"><param name="TIME" type="float"/></accessor></technique_common></source><source id="Hips-Matrix-animation-output-transform"><float_array id="Hips-Matrix-animation-output-transform-array" count="1040">

0.592438 0.023792 -0.805265 0.574029 0.109716 0.987868 0.109906 101.445343 0.798110 -0.153463 0.582640 -1.582464 0.000000 0.000000 0.000000 1.000000
0.614215 0.014032 -0.789014 -0.696131 0.124439 0.985610 0.114399 101.523567 0.779265 -0.168450 0.603631 -3.462360 0.000000 0.000000 0.000000 1.000000
0.663099 -0.001759 -0.748529 -1.832328 0.131196 0.984791 0.113909 101.838562 0.736944 -0.173736 0.653245 -6.249181 0.000000 0.000000 0.000000 1.000000
0.740034 -0.024801 -0.672112 -2.899259 0.133973 0.984729 0.111175 102.512428 0.659090 -0.172319 0.732056 -10.217202 0.000000 0.000000 0.000000 1.000000
0.826234 -0.058059 -0.560327 -4.019891 0.136483 0.985671 0.099121 103.666931 0.546544 -0.158373 0.822319 -15.081554 0.000000 0.000000 0.000000 1.000000
0.894117 -0.097877 -0.437007 -5.240622 0.140321 0.987915 0.065832 104.871201 0.425283 -0.120183 0.897046 -19.700356 0.000000 0.000000 0.000000 1.000000
0.934017 -0.143171 -0.327283 -6.871609 0.156128 0.987644 0.013516 106.144981 0.321304 -0.063723 0.944830 -23.846342 0.000000 0.000000 0.000000 1.000000
0.954810 -0.181898 -0.235057 -8.724977 0.178945 0.983271 -0.034022 106.772308 0.237313 -0.009578 0.971386 -27.547121 0.000000 0.000000 0.000000 1.000000
0.967240 -0.204810 -0.149996 -10.394358 0.199410 0.978621 -0.050363 106.106247 0.157104 0.018802 0.987403 -30.729639 0.000000 0.000000 0.000000 1.000000
0.974382 -0.215487 -0.064390 -11.845575 0.213935 0.976382 -0.030179 104.362610 0.069372 0.015630 0.997468 -33.507423 0.000000 0.000000 0.000000 1.000000
0.975659 -0.218455 0.019131 -13.149694 0.218289 0.975829 0.010388 102.150253 -0.020938 -0.005959 0.999763 -35.885654 0.000000 0.000000 0.000000 1.000000
0.972219 -0.213148 0.096737 -14.223690 0.208776 0.976505 0.053387 99.942551 -0.105843 -0.031707 0.993877 -37.706799 0.000000 0.000000 0.000000 1.000000
0.965780 -0.198204 0.167285 -15.013023 0.185259 0.978570 0.089889 97.922913 -0.181517 -0.055822 0.981802 -39.119125 0.000000 0.000000 0.000000 1.000000
0.957289 -0.177608 0.228151 -15.551385 0.154686 0.981266 0.114844 95.991592 -0.244274 -0.074647 0.966829 -40.535110 0.000000 0.000000 0.000000 1.000000
0.948867 -0.157450 0.273608 -15.861645 0.127901 0.984157 0.122783 93.965263 -0.288605 -0.081510 0.953972 -42.271206 0.000000 0.000000 0.000000 1.000000
0.943942 -0.138937 0.299448 -15.977825 0.109861 0.987625 0.111923 91.675186 -0.311293 -0.072751 0.947525 -44.366077 0.000000 0.000000 0.000000 1.000000
0.944625 -0.117842 0.306264 -15.891593 0.095113 0.991555 0.088162 89.016815 -0.314066 -0.054150 0.947856 -46.724358 0.000000 0.000000 0.000000 1.000000
0.950226 -0.089129 0.298540 -15.553321 0.073476 0.995288 0.063275 85.910835 -0.302773 -0.038190 0.952297 -49.296379 0.000000 0.000000 0.000000 1.000000
0.957305 -0.052280 0.284313 -14.970163 0.039658 0.997963 0.049975 82.270859 -0.286346 -0.036566 0.957428 -52.109188 0.000000 0.000000 0.000000 1.000000
0.961399 -0.014049 0.274799 -14.325473 -0.002049 0.998303 0.058205 78.015823 -0.275150 -0.056522 0.959738 -55.186195 0.000000 0.000000 0.000000 1.000000
0.960371 0.015727 0.278280 -13.785055 -0.043288 0.994708 0.093175 72.929916 -0.275342 -0.101528 0.955970 -58.633625 0.000000 0.000000 0.000000 1.000000
0.955554 0.030370 0.293247 -13.403393 -0.078806 0.984798 0.154800 66.881050 -0.284088 -0.171029 0.943421 -62.298737 0.000000 0.000000 0.000000 1.000000
0.948650 0.027363 0.315141 -13.310966 -0.107010 0.965275 0.238314 60.198341 -0.297677 -0.259800 0.918636 -66.121216 0.000000 0.000000 0.000000 1.000000
0.939431 0.015701 0.342378 -13.501490 -0.137968 0.931762 0.335833 52.937500 -0.313742 -0.362729 0.877493 -70.074181 0.000000 0.000000 0.000000 1.000000
0.926449 0.009105 0.376310 -13.845220 -0.185963 0.880261 0.436530 44.860939 -0.327277 -0.474402 0.817210 -74.041092 0.000000 0.000000 0.000000 1.000000
0.911613 0.012413 0.410862 -14.234028 -0.249100 0.811777 0.528174 36.129265 -0.326972 -0.583836 0.743118 -77.776993 0.000000 0.000000 0.000000 1.000000
0.902279 0.015306 0.430880 -14.635243 -0.302229 0.735186 0.606762 27.877583 -0.307490 -0.677693 0.667969 -80.877174 0.000000 0.000000 0.000000 1.000000
0.903452 0.004018 0.428670 -15.023189 -0.325194 0.657977 0.679201 21.805481 -0.279326 -0.753027 0.595758 -83.053757 0.000000 0.000000 0.000000 1.000000
0.908147 -0.023459 0.417994 -15.571018 -0.329685 0.575283 0.748570 18.824932 -0.258026 -0.817618 0.514707 -84.686531 0.000000 0.000000 0.000000 1.000000
0.906743 -0.051464 0.418532 -16.304031 -0.346239 0.475675 0.808611 18.116692 -0.240700 -0.878114 0.413496 -86.277626 0.000000 0.000000 0.000000 1.000000
0.899370 -0.062451 0.432704 -16.859446 -0.385024 0.355702 0.851606 17.814724 -0.207097 -0.932511 0.295863 -88.084549 0.000000 0.000000 0.000000 1.000000
0.893291 -0.060639 0.445369 -17.042229 -0.422849 0.222612 0.878432 16.873150 -0.152412 -0.973019 0.173216 -90.409676 0.000000 0.000000 0.000000 1.000000
0.893870 -0.065137 0.443569 -16.955652 -0.438167 0.082504 0.895099 15.529030 -0.094900 -0.994460 0.045207 -93.140381 0.000000 0.000000 0.000000 1.000000
0.898074 -0.086127 0.431330 -16.797842 -0.437118 -0.065746 0.896998 14.359694 -0.048897 -0.994113 -0.096692 -95.703316 0.000000 0.000000 0.000000 1.000000
0.899116 -0.112953 0.422886 -16.689192 -0.437672 -0.219202 0.872005 13.746084 -0.005799 -0.969119 -0.246524 -97.774597 0.000000 0.000000 0.000000 1.000000
0.894948 -0.131194 0.426446 -16.755262 -0.443966 -0.356747 0.821965 13.852147 0.044297 -0.924943 -0.377515 -99.371780 0.000000 0.000000 0.000000 1.000000
0.888228 -0.138613 0.437992 -17.079620 -0.450377 -0.450788 0.770682 14.612082 0.090615 -0.881803 -0.462831 -100.833435 0.000000 0.000000 0.000000 1.000000
0.882725 -0.143865 0.447324 -17.653898 -0.455981 -0.492169 0.741520 15.718134 0.113481 -0.858530 -0.500049 -102.583511 0.000000 0.000000 0.000000 1.000000
0.882133 -0.151981 0.445805 -18.354519 -0.457706 -0.499899 0.735259 16.685074 0.111112 -0.852644 -0.510540 -104.761826 0.000000 0.000000 0.000000 1.000000
0.888884 -0.158574 0.429813 -19.041042 -0.447090 -0.504987 0.738308 17.097036 0.099973 -0.848435 -0.519772 -107.113434 0.000000 0.000000 0.000000 1.000000
0.901998 -0.158734 0.401500 -19.675194 -0.421771 -0.522652 0.740908 16.846024 0.092238 -0.837639 -0.538381 -109.304024 0.000000 0.000000 0.000000 1.000000
0.916683 -0.154816 0.368408 -20.279119 -0.390398 -0.543810 0.742873 16.102251 0.085336 -0.824805 -0.558941 -111.140640 0.000000 0.000000 0.000000 1.000000
0.927340 -0.152395 0.341785 -20.779572 -0.366580 -0.553549 0.747798 15.146840 0.075234 -0.818754 -0.569194 -112.585464 0.000000 0.000000 0.000000 1.000000
0.930995 -0.155045 0.330468 -21.250965 -0.359557 -0.545707 0.756916 14.360005 0.062983 -0.823508 -0.563798 -113.787247 0.000000 0.000000 0.000000 1.000000
0.928130 -0.162192 0.335065 -21.681442 -0.369001 -0.519626 0.770602 13.911682 0.049123 -0.838858 -0.542130 -114.738235 0.000000 0.000000 0.000000 1.000000
0.921977 -0.171666 0.347117 -22.027168 -0.386186 -0.473870 0.791396 13.723814 0.028632 -0.863700 -0.503192 -115.455452 0.000000 0.000000 0.000000 1.000000
0.916880 -0.178878 0.356839 -22.200773 -0.399161 -0.414337 0.817922 13.837193 0.001544 -0.892372 -0.451298 -115.969940 0.000000 0.000000 0.000000 1.000000
0.915599 -0.178209 0.360444 -22.154770 -0.401647 -0.363180 0.840702 14.275820 -0.018915 -0.914517 -0.404105 -116.180397 0.000000 0.000000 0.000000 1.000000
0.917872 -0.170067 0.358591 -22.087597 -0.396289 -0.343643 0.851390 14.591816 -0.021566 -0.923573 -0.382816 -115.844086 0.000000 0.000000 0.000000 1.000000
0.920991 -0.159424 0.355472 -22.139774 -0.389474 -0.354946 0.849896 14.468515 -0.009320 -0.921193 -0.388994 -115.055466 0.000000 0.000000 0.000000 1.000000
0.922823 -0.150688 0.354528 -22.194983 -0.385195 -0.372201 0.844448 14.201691 0.004707 -0.915838 -0.401520 -114.397514 0.000000 0.000000 0.000000 1.000000
0.923582 -0.148423 0.353506 -22.159338 -0.383343 -0.373372 0.844773 14.142666 0.006606 -0.915731 -0.401737 -114.222198 0.000000 0.000000 0.000000 1.000000
0.924481 -0.153261 0.349065 -22.054932 -0.381200 -0.360448 0.851331 14.278778 -0.004657 -0.920102 -0.391650 -114.395348 0.000000 0.000000 0.000000 1.000000
0.925866 -0.160914 0.341875 -21.965199 -0.377402 -0.349685 0.857489 14.361403 -0.018434 -0.922945 -0.384491 -114.580566 0.000000 0.000000 0.000000 1.000000
0.927230 -0.165869 0.335757 -21.902267 -0.373655 -0.349805 0.859080 14.241028 -0.025046 -0.922022 -0.386327 -114.698807 0.000000 0.000000 0.000000 1.000000
0.928201 -0.166458 0.332768 -21.826157 -0.371285 -0.355940 0.857586 13.991655 -0.024307 -0.919564 -0.392187 -114.850220 0.000000 0.000000 0.000000 1.000000
0.928809 -0.165081 0.331758 -21.753571 -0.369919 -0.360428 0.856301 13.772842 -0.021784 -0.918063 -0.395835 -115.043358 0.000000 0.000000 0.000000 1.000000
0.929204 -0.164258 0.331059 -21.712339 -0.368971 -0.361433 0.856286 13.659627 -0.020996 -0.917816 -0.396451 -115.199738 0.000000 0.000000 0.000000 1.000000
0.929444 -0.164435 0.330296 -21.697329 -0.368333 -0.361184 0.856666 13.622990 -0.021568 -0.917882 -0.396267 -115.267815 0.000000 0.000000 0.000000 1.000000
0.929525 -0.164806 0.329883 -21.693733 -0.368102 -0.361253 0.856736 13.614829 -0.022024 -0.917788 -0.396459 -115.266617 0.000000 0.000000 0.000000 1.000000
0.929473 -0.164853 0.330006 -21.696547 -0.368237 -0.361421 0.856607 13.619792 -0.021944 -0.917714 -0.396636 -115.242737 0.000000 0.000000 0.000000 1.000000
0.929351 -0.164705 0.330424 -21.707296 -0.368558 -0.361182 0.856570 13.640136 -0.021738 -0.917834 -0.396368 -115.218697 0.000000 0.000000 0.000000 1.000000
0.929222 -0.164603 0.330836 -21.722660 -0.368885 -0.360652 0.856653 13.669613 -0.021691 -0.918061 -0.395845 -115.194000 0.000000 0.000000 0.000000 1.000000
0.929124 -0.164583 0.331122 -21.734655 -0.369130 -0.360215 0.856731 13.694985 -0.021728 -0.918236 -0.395436 -115.169373 0.000000 0.000000 0.000000 1.000000
0.929068 -0.164575 0.331281 -21.740608 -0.369271 -0.360055 0.856738 13.708385 -0.021719 -0.918300 -0.395288 -115.152412 0.000000 0.000000 0.000000 1.000000</float_array><technique_common><accessor source="#Hips-Matrix-animation-output-transform-array" count="65" stride="16"><param type="float4x4"/></accessor></technique_common></source><source id="Hips-Interpolations"><Name_array id="Hips-Interpolations-array" count="65">
 LINEAR LINEAR LINEAR LINEAR LINEAR LINEAR LINEAR LINEAR LINEAR LINEAR LINEAR
LINEAR LINEAR LINEAR LINEAR LINEAR LINEAR LINEAR LINEAR LINEAR LINEAR LINEAR LINEAR
LINEAR LINEAR LINEAR LINEAR LINEAR LINEAR LINEAR LINEAR LINEAR LINEAR LINEAR LINEAR
LINEAR LINEAR LINEAR LINEAR LINEAR LINEAR LINEAR LINEAR LINEAR LINEAR LINEAR LINEAR
LINEAR LINEAR LINEAR LINEAR LINEAR LINEAR LINEAR LINEAR LINEAR LINEAR LINEAR LINEAR
LINEAR LINEAR LINEAR LINEAR LINEAR LINEAR</Name_array><technique_common><accessor source="#Hips-Interpolations-array" count="65"><param type="name"/></accessor></technique_common></source><sampler id="Hips-Matrix-animation-transform"><input semantic="INPUT" source="#Hips-Matrix-animation-input"/><input semantic="OUTPUT" source="#Hips-Matrix-animation-output-transform"/><input semantic="INTERPOLATION" source="#Hips-Interpolations"/></sampler><channel source="#Hips-Matrix-animation-transform" target="Hips/matrix"/></animation>
    <animation id="Spine-anim" name="Spine"><source id="Spine-Matrix-animation-input"><float_array id="Spine-Matrix-animation-input-array" count="65">

0.000000 0.033333 0.066667 0.100000 0.133333 0.166667 0.200000 0.233333 0.266667 0.300000 0.333333 0.366667 0.400000 0.433333 0.466667 0.500000
0.533333 0.566667 0.600000 0.633333 0.666667 0.700000 0.733333 0.766667 0.800000 0.833333 0.866667 0.900000 0.933333 0.966667 1.000000 1.033333
1.066667 1.100000 1.133333 1.166667 1.200000 1.233333 1.266667 1.300000 1.333333 1.366667 1.400000 1.433333 1.466667 1.500000 1.533333 1.566667
1.600000 1.633333 1.666667 1.700000 1.733333 1.766667 1.800000 1.833333 1.866667 1.900000 1.933333 1.966667 2.000000 2.033333 2.066667 2.100000
2.133333</float_array><technique_common><accessor source="#Spine-Matrix-animation-input-array" count="65"><param name="TIME" type="float"/></accessor></technique_common></source><source id="Spine-Matrix-animation-output-transform"><float_array id="Spine-Matrix-animation-output-transform-array" count="1040">

0.998705 0.048347 0.015849 -0.000000 -0.046174 0.992089 -0.116740 8.536500 -0.021368 0.115857 0.993036 0.187100 0.000000 0.000000 0.000000 1.000000
0.997518 0.070281 0.004178 0.000000 -0.069088 0.988558 -0.134093 8.536500 -0.013554 0.133471 0.990960 0.187100 0.000000 0.000000 0.000000 1.000000
0.995881 0.090476 0.005999 0.000000 -0.087588 0.976988 -0.194479 8.536500 -0.023456 0.193152 0.980888 0.187100 0.000000 0.000000 0.000000 1.000000
0.994661 0.101446 0.018909 0.000000 -0.090732 0.947031 -0.308060 8.536500 -0.049159 0.304699 0.951179 0.187100 0.000000 0.000000 0.000000 1.000000
0.994769 0.097055 0.031856 0.000000 -0.072230 0.888848 -0.452473 8.536500 -0.072230 0.447805 0.891209 0.187100 0.000000 0.000000 0.000000 1.000000
0.995652 0.084062 0.040141 0.000000 -0.044904 0.810638 -0.583823 8.536500 -0.081617 0.579482 0.810888 0.187100 0.000000 0.000000 0.000000 1.000000
0.995635 0.083486 0.041715 -0.000000 -0.032872 0.732038 -0.680470 8.536500 -0.087347 0.676129 0.731588 0.187100 0.000000 0.000000 0.000000 1.000000
0.995084 0.088863 0.043714 -0.000000 -0.026111 0.661207 -0.749749 8.536500 -0.095529 0.744922 0.660276 0.187100 0.000000 0.000000 0.000000 1.000000
0.995289 0.081408 0.052654 -0.000000 -0.005941 0.593289 -0.804967 8.536500 -0.096770 0.800862 0.590978 0.187100 0.000000 0.000000 0.000000 1.000000
0.996485 0.056846 0.061533 -0.000000 0.022273 0.528311 -0.848759 8.536500 -0.080757 0.847146 0.525188 0.187100 0.000000 0.000000 0.000000 1.000000
0.997658 0.026147 0.063199 -0.000000 0.043087 0.477339 -0.877662 8.536500 -0.053115 0.878330 0.475094 0.187100 0.000000 0.000000 0.000000 1.000000
0.998133 -0.002194 0.061044 0.000000 0.055554 0.448094 -0.892259 8.536500 -0.025396 0.893984 0.447379 0.187100 0.000000 0.000000 0.000000 1.000000
0.997565 -0.029120 0.063379 0.000000 0.069736 0.433544 -0.898430 8.536500 -0.001316 0.900662 0.434518 0.187100 0.000000 0.000000 0.000000 1.000000
0.995949 -0.056182 0.070215 -0.000000 0.087388 0.420511 -0.903069 8.536500 0.021210 0.905546 0.423717 0.187100 0.000000 0.000000 0.000000 1.000000
0.993981 -0.080330 0.074497 0.000000 0.100753 0.403172 -0.909561 8.536500 0.043029 0.911592 0.408839 0.187100 0.000000 0.000000 0.000000 1.000000
0.992563 -0.098540 0.071471 0.000000 0.104166 0.383728 -0.917552 8.536500 0.062991 0.918173 0.391139 0.187100 0.000000 0.000000 0.000000 1.000000
0.991939 -0.111322 0.060530 0.000000 0.097378 0.364032 -0.926282 8.536500 0.081081 0.924710 0.371938 0.187100 0.000000 0.000000 0.000000 1.000000
0.991733 -0.120856 0.043124 0.000000 0.082341 0.341619 -0.936224 8.536500 0.098416 0.932035 0.348747 0.187100 0.000000 0.000000 0.000000 1.000000
0.991386 -0.128931 0.023023 -0.000000 0.062776 0.313510 -0.947508 8.536500 0.114945 0.940791 0.318903 0.187100 0.000000 0.000000 0.000000 1.000000
0.990577 -0.136832 0.005918 -0.000000 0.044429 0.280169 -0.958922 8.536500 0.129553 0.950148 0.283609 0.187100 0.000000 0.000000 0.000000 1.000000
0.989546 -0.144196 -0.002581 -0.000000 0.033154 0.244859 -0.968992 8.536500 0.140357 0.958776 0.247080 0.187100 0.000000 0.000000 0.000000 1.000000
0.989160 -0.146841 -0.000154 0.000000 0.031307 0.211915 -0.976787 8.536500 0.143464 0.966194 0.214215 0.187100 0.000000 0.000000 0.000000 1.000000
0.989710 -0.142840 0.008407 -0.000000 0.035255 0.186486 -0.981825 8.536500 0.138676 0.972018 0.189603 0.187100 0.000000 0.000000 0.000000 1.000000
0.990404 -0.136410 0.022171 0.000000 0.045719 0.172011 -0.984034 8.536500 0.130418 0.975605 0.176597 0.187100 0.000000 0.000000 0.000000 1.000000
0.990185 -0.133053 0.042778 0.000000 0.065447 0.170990 -0.983097 8.536500 0.123489 0.976248 0.178019 0.187100 0.000000 0.000000 0.000000 1.000000
0.989634 -0.126812 0.067397 0.000000 0.090933 0.190095 -0.977545 8.536500 0.111152 0.973541 0.199656 0.187100 0.000000 0.000000 0.000000 1.000000
0.991108 -0.099622 0.088212 0.000000 0.110004 0.240438 -0.964411 8.536500 0.074867 0.965539 0.249258 0.187100 0.000000 0.000000 0.000000 1.000000
0.993993 -0.041911 0.101102 0.000000 0.109258 0.326155 -0.938981 8.536500 0.006379 0.944387 0.328774 0.187100 0.000000 0.000000 0.000000 1.000000
0.993894 0.027052 0.106975 0.000000 0.084759 0.433560 -0.897129 8.536500 -0.070649 0.900718 0.428620 0.187100 0.000000 0.000000 0.000000 1.000000
0.990756 0.075117 0.112956 0.000000 0.058060 0.517749 -0.853560 8.536500 -0.122600 0.852228 0.508602 0.187100 0.000000 0.000000 0.000000 1.000000
0.987615 0.084753 0.132033 0.000000 0.061297 0.566225 -0.821968 8.536500 -0.144424 0.819882 0.554018 0.187100 0.000000 0.000000 0.000000 1.000000
0.983367 0.066408 0.169054 0.000000 0.098485 0.587104 -0.803498 8.536500 -0.152611 0.806783 0.570799 0.187100 0.000000 0.000000 0.000000 1.000000
0.977090 0.037510 0.209495 -0.000000 0.146683 0.594527 -0.790583 8.536500 -0.154205 0.803200 0.575405 0.187100 0.000000 0.000000 0.000000 1.000000
0.972688 0.007408 0.232000 0.000000 0.182408 0.593721 -0.783723 8.536500 -0.143549 0.804637 0.576154 0.187100 0.000000 0.000000 0.000000 1.000000
0.973389 -0.025957 0.227683 0.000000 0.197016 0.602239 -0.773623 8.536500 -0.117039 0.797894 0.591327 0.187100 0.000000 0.000000 0.000000 1.000000
0.979093 -0.054851 0.195878 0.000000 0.185188 0.638757 -0.746790 8.536500 -0.084156 0.767451 0.635560 0.187100 0.000000 0.000000 0.000000 1.000000
0.988902 -0.062912 0.134592 0.000000 0.139608 0.703365 -0.696985 8.536500 -0.050819 0.708040 0.704342 0.187100 0.000000 0.000000 0.000000 1.000000
0.998121 -0.047502 0.038698 0.000000 0.061269 0.770715 -0.634227 8.536500 0.000302 0.635407 0.772178 0.187100 0.000000 0.000000 0.000000 1.000000
0.995901 -0.032630 -0.084360 0.000000 -0.022667 0.812868 -0.582007 8.536500 0.087564 0.581533 0.808796 0.187100 0.000000 0.000000 0.000000 1.000000
0.980293 -0.029016 -0.195407 0.000000 -0.086237 0.827078 -0.555432 8.536500 0.177734 0.561338 0.808276 0.187100 0.000000 0.000000 0.000000 1.000000
0.966438 -0.025160 -0.255663 0.000000 -0.124407 0.824878 -0.551451 8.536500 0.224766 0.564750 0.794064 0.187100 0.000000 0.000000 0.000000 1.000000
0.964793 -0.002175 -0.263003 0.000000 -0.149463 0.818276 -0.555054 8.536500 0.216416 0.574822 0.789141 0.187100 0.000000 0.000000 0.000000 1.000000
0.968371 0.025313 -0.248227 0.000000 -0.165471 0.809754 -0.562954 8.536500 0.186753 0.586223 0.788331 0.187100 0.000000 0.000000 0.000000 1.000000
0.968708 0.052821 -0.242519 0.000000 -0.185027 0.804957 -0.563746 8.536500 0.165440 0.590977 0.789541 0.187100 0.000000 0.000000 0.000000 1.000000
0.964272 0.080868 -0.252270 -0.000000 -0.210971 0.810352 -0.546645 8.536500 0.160222 0.580336 0.798461 0.187100 0.000000 0.000000 0.000000 1.000000
0.957453 0.114069 -0.265090 0.000000 -0.238660 0.829409 -0.505096 8.536500 0.162252 0.546872 0.821343 0.187100 0.000000 0.000000 0.000000 1.000000
0.951348 0.151358 -0.268381 -0.000000 -0.261827 0.856303 -0.445188 8.536500 0.162432 0.493798 0.854271 0.187100 0.000000 0.000000 0.000000 1.000000
0.948695 0.179241 -0.260481 -0.000000 -0.273596 0.878299 -0.392092 8.536500 0.158501 0.443242 0.882278 0.187100 0.000000 0.000000 0.000000 1.000000
0.950478 0.186910 -0.248308 -0.000000 -0.271820 0.887299 -0.372577 8.536500 0.150685 0.421622 0.894164 0.187100 0.000000 0.000000 0.000000 1.000000
0.954464 0.177080 -0.240085 -0.000000 -0.261292 0.884572 -0.386340 8.536500 0.143959 0.431480 0.890562 0.187100 0.000000 0.000000 0.000000 1.000000
0.957256 0.162904 -0.239005 0.000000 -0.250894 0.878813 -0.405881 8.536500 0.143922 0.448497 0.882121 0.187100 0.000000 0.000000 0.000000 1.000000
0.957121 0.159252 -0.241988 -0.000000 -0.249136 0.878759 -0.407081 8.536500 0.147821 0.449913 0.880754 0.187100 0.000000 0.000000 0.000000 1.000000
0.954874 0.168201 -0.244795 0.000000 -0.256111 0.883670 -0.391835 8.536500 0.150411 0.436847 0.886871 0.187100 0.000000 0.000000 0.000000 1.000000
0.952415 0.179687 -0.246206 0.000000 -0.265179 0.886740 -0.378645 8.536500 0.150283 0.425916 0.892194 0.187100 0.000000 0.000000 0.000000 1.000000
0.951169 0.184256 -0.247643 0.000000 -0.270132 0.885091 -0.379003 8.536500 0.149353 0.427393 0.891644 0.187100 0.000000 0.000000 0.000000 1.000000
0.951071 0.181738 -0.249871 0.000000 -0.270380 0.880927 -0.388411 8.536500 0.149529 0.436966 0.886962 0.187100 0.000000 0.000000 0.000000 1.000000
0.951246 0.177710 -0.252090 0.000000 -0.269154 0.877420 -0.397102 8.536500 0.150620 0.445593 0.882474 0.187100 0.000000 0.000000 0.000000 1.000000
0.951211 0.175844 -0.253530 -0.000000 -0.268797 0.875701 -0.401119 8.536500 0.151482 0.449697 0.880242 0.187100 0.000000 0.000000 0.000000 1.000000
0.951028 0.175891 -0.254179 0.000000 -0.269326 0.875059 -0.402163 8.536500 0.151685 0.450926 0.879578 0.187100 0.000000 0.000000 0.000000 1.000000
0.950910 0.176252 -0.254373 -0.000000 -0.269806 0.874759 -0.402493 8.536500 0.151575 0.451366 0.879371 0.187100 0.000000 0.000000 0.000000 1.000000
0.950920 0.176264 -0.254326 0.000000 -0.269814 0.874708 -0.402600 8.536500 0.151497 0.451461 0.879336 0.187100 0.000000 0.000000 0.000000 1.000000
0.950993 0.176183 -0.254109 0.000000 -0.269568 0.874966 -0.402203 8.536500 0.151475 0.450992 0.879580 0.187100 0.000000 0.000000 0.000000 1.000000
0.951063 0.176251 -0.253802 0.000000 -0.269353 0.875388 -0.401428 8.536500 0.151423 0.450145 0.880023 0.187100 0.000000 0.000000 0.000000 1.000000
0.951110 0.176390 -0.253527 0.000000 -0.269229 0.875751 -0.400719 8.536500 0.151344 0.449384 0.880425 0.187100 0.000000 0.000000 0.000000 1.000000
0.951138 0.176455 -0.253377 -0.000000 -0.269159 0.875932 -0.400371 8.536500 0.151293 0.449007 0.880626 0.187100 0.000000 0.000000 0.000000 1.000000</float_array><technique_common><accessor source="#Spine-Matrix-animation-output-transform-array" count="65" stride="16"><param type="float4x4"/></accessor></technique_common></source><source id="Spine-Interpolations"><Name_array id="Spine-Interpolations-array" count="65">
 LINEAR LINEAR LINEAR LINEAR LINEAR LINEAR LINEAR LINEAR LINEAR LINEAR LINEAR
LINEAR LINEAR LINEAR LINEAR LINEAR LINEAR LINEAR LINEAR LINEAR LINEAR LINEAR LINEAR
LINEAR LINEAR LINEAR LINEAR LINEAR LINEAR LINEAR LINEAR LINEAR LINEAR LINEAR LINEAR
LINEAR LINEAR LINEAR LINEAR LINEAR LINEAR LINEAR LINEAR LINEAR LINEAR LINEAR LINEAR
LINEAR LINEAR LINEAR LINEAR LINEAR LINEAR LINEAR LINEAR LINEAR LINEAR LINEAR LINEAR
LINEAR LINEAR LINEAR LINEAR LINEAR LINEAR</Name_array><technique_common><accessor source="#Spine-Interpolations-array" count="65"><param type="name"/></accessor></technique_common></source><sampler id="Spine-Matrix-animation-transform"><input semantic="INPUT" source="#Spine-Matrix-animation-input"/><input semantic="OUTPUT" source="#Spine-Matrix-animation-output-transform"/><input semantic="INTERPOLATION" source="#Spine-Interpolations"/></sampler><channel source="#Spine-Matrix-animation-transform" target="Spine/matrix"/></animation>
    <animation id="Spine1-anim" name="Spine1"><source id="Spine1-Matrix-animation-input"><float_array id="Spine1-Matrix-animation-input-array" count="65">

0.000000 0.033333 0.066667 0.100000 0.133333 0.166667 0.200000 0.233333 0.266667 0.300000 0.333333 0.366667 0.400000 0.433333 0.466667 0.500000
0.533333 0.566667 0.600000 0.633333 0.666667 0.700000 0.733333 0.766667 0.800000 0.833333 0.866667 0.900000 0.933333 0.966667 1.000000 1.033333
1.066667 1.100000 1.133333 1.166667 1.200000 1.233333 1.266667 1.300000 1.333333 1.366667 1.400000 1.433333 1.466667 1.500000 1.533333 1.566667
1.600000 1.633333 1.666667 1.700000 1.733333 1.766667 1.800000 1.833333 1.866667 1.900000 1.933333 1.966667 2.000000 2.033333 2.066667 2.100000
2.133333</float_array><technique_common><accessor source="#Spine1-Matrix-animation-input-array" count="65"><param name="TIME" type="float"/></accessor></technique_common></source><source id="Spine1-Matrix-animation-output-transform"><float_array id="Spine1-Matrix-animation-output-transform-array" count="1040">

0.995410 0.092028 0.026280 -0.000000 -0.083456 0.969045 -0.232349 9.703700 -0.046849 0.229089 0.972277 0.160100 0.000000 0.000000 0.000000 1.000000
0.995366 0.093663 0.021771 -0.000000 -0.086058 0.968686 -0.232898 9.703700 -0.042903 0.229946 0.972257 0.160100 0.000000 0.000000 0.000000 1.000000
0.994822 0.099889 0.018762 0.000000 -0.092611 0.966954 -0.237535 9.703700 -0.041870 0.234568 0.971198 0.160100 0.000000 0.000000 0.000000 1.000000
0.993992 0.107513 0.020521 0.000000 -0.099198 0.964121 -0.246231 9.703700 -0.046258 0.242716 0.968994 0.160100 0.000000 0.000000 0.000000 1.000000
0.993939 0.106691 0.026514 0.000000 -0.096586 0.962653 -0.252923 9.703700 -0.052508 0.248829 0.967123 0.160100 0.000000 0.000000 0.000000 1.000000
0.994739 0.096921 0.033170 -0.000000 -0.085595 0.964286 -0.250653 9.703700 -0.056279 0.246495 0.967509 0.160100 0.000000 0.000000 0.000000 1.000000
0.995540 0.087238 0.035905 -0.000000 -0.076010 0.967186 -0.242433 9.703700 -0.055876 0.238623 0.969503 0.160100 0.000000 0.000000 0.000000 1.000000
0.996231 0.079506 0.034687 0.000000 -0.069143 0.969309 -0.235920 9.703700 -0.052379 0.232633 0.971153 0.160100 0.000000 0.000000 0.000000 1.000000
0.997118 0.068171 0.033282 -0.000000 -0.058539 0.970473 -0.234001 9.703700 -0.048251 0.231378 0.971667 0.160100 0.000000 0.000000 0.000000 1.000000
0.998188 0.051111 0.031768 0.000000 -0.042293 0.971345 -0.233879 9.703700 -0.042812 0.232111 0.971747 0.160100 0.000000 0.000000 0.000000 1.000000
0.999154 0.031546 0.026369 0.000000 -0.024571 0.972347 -0.232243 9.703700 -0.032966 0.231399 0.972300 0.160100 0.000000 0.000000 0.000000 1.000000
0.999786 0.011693 0.017072 0.000000 -0.007473 0.973388 -0.229041 9.703700 -0.019296 0.228864 0.973267 0.160100 0.000000 0.000000 0.000000 1.000000
0.999930 -0.008482 0.008210 0.000000 0.010121 0.973995 -0.226344 9.703700 -0.006077 0.226412 0.974013 0.160100 0.000000 0.000000 0.000000 1.000000
0.999636 -0.026901 0.001924 -0.000000 0.026641 0.973846 -0.225642 9.703700 0.004197 0.225611 0.974208 0.160100 0.000000 0.000000 0.000000 1.000000
0.999231 -0.039135 -0.002509 0.000000 0.037553 0.973329 -0.226320 9.703700 0.011299 0.226052 0.974050 0.160100 0.000000 0.000000 0.000000 1.000000
0.999062 -0.042920 -0.005693 0.000000 0.040515 0.973136 -0.226637 9.703700 0.015267 0.226194 0.973963 0.160100 0.000000 0.000000 0.000000 1.000000
0.999165 -0.040020 -0.008259 0.000000 0.037124 0.973470 -0.225783 9.703700 0.017076 0.225288 0.974143 0.160100 0.000000 0.000000 0.000000 1.000000
0.999376 -0.033476 -0.011272 0.000000 0.030096 0.974036 -0.224386 9.703700 0.018491 0.223906 0.974435 0.160100 0.000000 0.000000 0.000000 1.000000
0.999577 -0.025261 -0.014392 0.000000 0.021418 0.974568 -0.223066 9.703700 0.019661 0.222664 0.974697 0.160100 0.000000 0.000000 0.000000 1.000000
0.999732 -0.016964 -0.015755 0.000000 0.013049 0.975003 -0.221809 9.703700 0.019124 0.221544 0.974963 0.160100 0.000000 0.000000 0.000000 1.000000
0.999837 -0.010390 -0.014778 0.000000 0.006870 0.975276 -0.220883 9.703700 0.016708 0.220745 0.975188 0.160100 0.000000 0.000000 0.000000 1.000000
0.999903 -0.006121 -0.012521 0.000000 0.003204 0.975292 -0.220898 9.703700 0.013564 0.220836 0.975217 0.160100 0.000000 0.000000 0.000000 1.000000
0.999955 -0.002960 -0.008976 -0.000000 0.000896 0.975108 -0.221728 9.703700 0.009409 0.221710 0.975067 0.160100 0.000000 0.000000 0.000000 1.000000
0.999996 0.000214 -0.002802 0.000000 -0.000830 0.975110 -0.221722 9.703700 0.002685 0.221724 0.975106 0.160100 0.000000 0.000000 0.000000 1.000000
0.999980 0.002772 0.005622 0.000000 -0.001478 0.975895 -0.218237 9.703700 -0.006092 0.218224 0.975880 0.160100 0.000000 0.000000 0.000000 1.000000
0.999911 0.003161 0.012989 -0.000000 -0.000348 0.977471 -0.211068 9.703700 -0.013363 0.211044 0.977385 0.160100 0.000000 0.000000 0.000000 1.000000
0.999851 0.001160 0.017209 -0.000000 0.002407 0.978584 -0.205836 9.703700 -0.017079 0.205847 0.978435 0.160100 0.000000 0.000000 0.000000 1.000000
0.999766 -0.000724 0.021599 0.000000 0.005204 0.978087 -0.208132 9.703700 -0.020975 0.208196 0.977862 0.160100 0.000000 0.000000 0.000000 1.000000
0.999572 0.000229 0.029246 0.000000 0.006306 0.974763 -0.223155 9.703700 -0.028559 0.223244 0.974344 0.160100 0.000000 0.000000 0.000000 1.000000
0.999347 0.002897 0.036006 0.000000 0.006568 0.965590 -0.259985 9.703700 -0.035520 0.260052 0.964941 0.160100 0.000000 0.000000 0.000000 1.000000
0.999202 0.003431 0.039792 0.000000 0.008618 0.954311 -0.298690 9.703700 -0.038999 0.298794 0.953520 0.160100 0.000000 0.000000 0.000000 1.000000
0.998929 0.001214 0.046258 0.000000 0.014189 0.943467 -0.331163 9.703700 -0.044045 0.331465 0.942439 0.160100 0.000000 0.000000 0.000000 1.000000
0.998425 -0.003245 0.056014 -0.000000 0.022693 0.936385 -0.350241 9.703700 -0.051314 0.350960 0.934983 0.160100 0.000000 0.000000 0.000000 1.000000
0.998065 -0.008479 0.061598 0.000000 0.030292 0.931452 -0.362602 9.703700 -0.054301 0.363767 0.929906 0.160100 0.000000 0.000000 0.000000 1.000000
0.998266 -0.013124 0.057387 0.000000 0.033000 0.932021 -0.360899 9.703700 -0.048749 0.362167 0.930838 0.160100 0.000000 0.000000 0.000000 1.000000
0.998955 -0.011294 0.044282 0.000000 0.025645 0.940574 -0.338619 9.703700 -0.037826 0.339401 0.939881 0.160100 0.000000 0.000000 0.000000 1.000000
0.999693 0.002555 0.024637 -0.000000 0.004890 0.954719 -0.297469 9.703700 -0.024282 0.297498 0.954414 0.160100 0.000000 0.000000 0.000000 1.000000
0.999747 0.022288 -0.003147 0.000000 -0.022383 0.969537 -0.243920 9.703700 -0.002385 0.243929 0.969790 0.160100 0.000000 0.000000 0.000000 1.000000
0.998718 0.032434 -0.038854 0.000000 -0.038967 0.982650 -0.181333 9.703700 0.032298 0.182614 0.982654 0.160100 0.000000 0.000000 0.000000 1.000000
0.996747 0.034738 -0.072727 0.000000 -0.043857 0.990829 -0.127808 9.703700 0.067620 0.130581 0.989129 0.160100 0.000000 0.000000 0.000000 1.000000
0.995174 0.036229 -0.091188 -0.000000 -0.044898 0.994475 -0.094887 9.703700 0.087247 0.098523 0.991303 0.160100 0.000000 0.000000 0.000000 1.000000
0.994934 0.040778 -0.091892 0.000000 -0.048616 0.995217 -0.084738 9.703700 0.087997 0.088776 0.992157 0.160100 0.000000 0.000000 0.000000 1.000000
0.995423 0.043493 -0.085096 0.000000 -0.050361 0.995498 -0.080299 9.703700 0.081220 0.084217 0.993132 0.160100 0.000000 0.000000 0.000000 1.000000
0.995650 0.043159 -0.082576 0.000000 -0.049269 0.996082 -0.073439 9.703700 0.079083 0.077188 0.993875 0.160100 0.000000 0.000000 0.000000 1.000000
0.995500 0.041764 -0.085059 0.000000 -0.047258 0.996854 -0.063636 9.703700 0.082133 0.067369 0.994342 0.160100 0.000000 0.000000 0.000000 1.000000
0.995196 0.042778 -0.088060 0.000000 -0.047575 0.997454 -0.053116 9.703700 0.085564 0.057050 0.994698 0.160100 0.000000 0.000000 0.000000 1.000000
0.994943 0.047156 -0.088685 -0.000000 -0.051102 0.997777 -0.042763 9.703700 0.086472 0.047078 0.995141 0.160100 0.000000 0.000000 0.000000 1.000000
0.994966 0.051085 -0.086219 0.000000 -0.054148 0.997969 -0.033562 9.703700 0.084329 0.038062 0.995711 0.160100 0.000000 0.000000 0.000000 1.000000
0.995281 0.050759 -0.082700 0.000000 -0.053256 0.998181 -0.028273 9.703700 0.081115 0.032543 0.996173 0.160100 0.000000 0.000000 0.000000 1.000000
0.995602 0.047404 -0.080810 0.000000 -0.049817 0.998363 -0.028107 9.703700 0.079346 0.032009 0.996333 0.160100 0.000000 0.000000 0.000000 1.000000
0.995716 0.044890 -0.080837 -0.000000 -0.047434 0.998429 -0.029829 9.703700 0.079371 0.033536 0.996281 0.160100 0.000000 0.000000 0.000000 1.000000
0.995643 0.045285 -0.081511 0.000000 -0.047809 0.998427 -0.029285 9.703700 0.080057 0.033055 0.996242 0.160100 0.000000 0.000000 0.000000 1.000000
0.995522 0.047618 -0.081659 -0.000000 -0.049887 0.998417 -0.025969 9.703700 0.080294 0.029926 0.996322 0.160100 0.000000 0.000000 0.000000 1.000000
0.995455 0.049798 -0.081176 0.000000 -0.051763 0.998411 -0.022283 9.703700 0.079938 0.026383 0.996451 0.160100 0.000000 0.000000 0.000000 1.000000
0.995427 0.051010 -0.080769 0.000000 -0.052799 0.998401 -0.020174 9.703700 0.079611 0.024346 0.996529 0.160100 0.000000 0.000000 0.000000 1.000000
0.995403 0.051591 -0.080690 -0.000000 -0.053328 0.998386 -0.019532 9.703700 0.079552 0.023745 0.996548 0.160100 0.000000 0.000000 0.000000 1.000000
0.995385 0.051920 -0.080708 0.000000 -0.053635 0.998375 -0.019230 9.703700 0.079578 0.023470 0.996552 0.160100 0.000000 0.000000 0.000000 1.000000
0.995373 0.052190 -0.080683 0.000000 -0.053864 0.998373 -0.018700 9.703700 0.079576 0.022959 0.996564 0.160100 0.000000 0.000000 0.000000 1.000000
0.995363 0.052444 -0.080631 0.000000 -0.054074 0.998372 -0.018162 9.703700 0.079548 0.022437 0.996579 0.160100 0.000000 0.000000 0.000000 1.000000
0.995358 0.052597 -0.080602 0.000000 -0.054210 0.998368 -0.017949 9.703700 0.079526 0.022235 0.996585 0.160100 0.000000 0.000000 0.000000 1.000000
0.995358 0.052592 -0.080607 0.000000 -0.054212 0.998366 -0.018039 9.703700 0.079526 0.022325 0.996583 0.160100 0.000000 0.000000 0.000000 1.000000
0.995362 0.052485 -0.080626 0.000000 -0.054119 0.998368 -0.018217 9.703700 0.079538 0.022496 0.996578 0.160100 0.000000 0.000000 0.000000 1.000000
0.995367 0.052365 -0.080641 0.000000 -0.054010 0.998372 -0.018363 9.703700 0.079548 0.022633 0.996574 0.160100 0.000000 0.000000 0.000000 1.000000
0.995370 0.052280 -0.080650 0.000000 -0.053934 0.998374 -0.018472 9.703700 0.079553 0.022736 0.996571 0.160100 0.000000 0.000000 0.000000 1.000000
0.995372 0.052237 -0.080663 0.000000 -0.053898 0.998374 -0.018557 9.703700 0.079563 0.022818 0.996569 0.160100 0.000000 0.000000 0.000000 1.000000</float_array><technique_common><accessor source="#Spine1-Matrix-animation-output-transform-array" count="65" stride="16"><param type="float4x4"/></accessor></technique_common></source><source id="Spine1-Interpolations"><Name_array id="Spine1-Interpolations-array" count="65">
 LINEAR LINEAR LINEAR LINEAR LINEAR LINEAR LINEAR LINEAR LINEAR LINEAR LINEAR
LINEAR LINEAR LINEAR LINEAR LINEAR LINEAR LINEAR LINEAR LINEAR LINEAR LINEAR LINEAR
LINEAR LINEAR LINEAR LINEAR LINEAR LINEAR LINEAR LINEAR LINEAR LINEAR LINEAR LINEAR
LINEAR LINEAR LINEAR LINEAR LINEAR LINEAR LINEAR LINEAR LINEAR LINEAR LINEAR LINEAR
LINEAR LINEAR LINEAR LINEAR LINEAR LINEAR LINEAR LINEAR LINEAR LINEAR LINEAR LINEAR
LINEAR LINEAR LINEAR LINEAR LINEAR LINEAR</Name_array><technique_common><accessor source="#Spine1-Interpolations-array" count="65"><param type="name"/></accessor></technique_common></source><sampler id="Spine1-Matrix-animation-transform"><input semantic="INPUT" source="#Spine1-Matrix-animation-input"/><input semantic="OUTPUT" source="#Spine1-Matrix-animation-output-transform"/><input semantic="INTERPOLATION" source="#Spine1-Interpolations"/></sampler><channel source="#Spine1-Matrix-animation-transform" target="Spine1/matrix"/></animation>
    <animation id="Spine2-anim" name="Spine2"><source id="Spine2-Matrix-animation-input"><float_array id="Spine2-Matrix-animation-input-array" count="65">

0.000000 0.033333 0.066667 0.100000 0.133333 0.166667 0.200000 0.233333 0.266667 0.300000 0.333333 0.366667 0.400000 0.433333 0.466667 0.500000
0.533333 0.566667 0.600000 0.633333 0.666667 0.700000 0.733333 0.766667 0.800000 0.833333 0.866667 0.900000 0.933333 0.966667 1.000000 1.033333
1.066667 1.100000 1.133333 1.166667 1.200000 1.233333 1.266667 1.300000 1.333333 1.366667 1.400000 1.433333 1.466667 1.500000 1.533333 1.566667
1.600000 1.633333 1.666667 1.700000 1.733333 1.766667 1.800000 1.833333 1.866667 1.900000 1.933333 1.966667 2.000000 2.033333 2.066667 2.100000
2.133333</float_array><technique_common><accessor source="#Spine2-Matrix-animation-input-array" count="65"><param name="TIME" type="float"/></accessor></technique_common></source><source id="Spine2-Matrix-animation-output-transform"><float_array id="Spine2-Matrix-animation-output-transform-array" count="1040">

0.995410 0.092028 0.026280 -0.000000 -0.083456 0.969045 -0.232349 15.859200 -0.046849 0.229089 0.972277 0.272300 0.000000 0.000000 0.000000 1.000000
0.995337 0.093791 0.022542 0.000000 -0.086011 0.968721 -0.232771 15.859200 -0.043668 0.229746 0.972270 0.272300 0.000000 0.000000 0.000000 1.000000
0.994834 0.099660 0.019307 -0.000000 -0.092258 0.966973 -0.237595 15.859200 -0.042348 0.234586 0.971172 0.272300 0.000000 0.000000 0.000000 1.000000
0.994028 0.107278 0.019972 0.000000 -0.099093 0.964071 -0.246472 15.859200 -0.045696 0.243021 0.968944 0.272300 0.000000 0.000000 0.000000 1.000000
0.993880 0.107391 0.025890 0.000000 -0.097413 0.962537 -0.253046 15.859200 -0.052095 0.248976 0.967108 0.272300 0.000000 0.000000 0.000000 1.000000
0.994493 0.099232 0.033723 0.000000 -0.087716 0.964168 -0.250373 15.859200 -0.057360 0.246036 0.967562 0.272300 0.000000 0.000000 0.000000 1.000000
0.995210 0.090442 0.037122 -0.000000 -0.078857 0.967066 -0.242000 15.859200 -0.057787 0.237914 0.969566 0.272300 0.000000 0.000000 0.000000 1.000000
0.995955 0.082533 0.035525 -0.000000 -0.071904 0.969154 -0.235732 15.859200 -0.053885 0.232224 0.971169 0.272300 0.000000 0.000000 0.000000 1.000000
0.996917 0.070947 0.033521 -0.000000 -0.061185 0.970310 -0.233999 15.859200 -0.049127 0.231227 0.971659 0.272300 0.000000 0.000000 0.000000 1.000000
0.998043 0.053870 0.031759 0.000000 -0.044980 0.971228 -0.233863 15.859200 -0.043444 0.231977 0.971751 0.272300 0.000000 0.000000 0.000000 1.000000
0.999087 0.033692 0.026270 0.000000 -0.026683 0.972300 -0.232209 15.859200 -0.033366 0.231296 0.972311 0.272300 0.000000 0.000000 0.000000 1.000000
0.999785 0.012336 0.016661 0.000000 -0.008195 0.973396 -0.228984 15.859200 -0.019043 0.228799 0.973287 0.272300 0.000000 0.000000 0.000000 1.000000
0.999929 -0.009444 0.007311 0.000000 0.010853 0.974021 -0.226200 15.859200 -0.004985 0.226263 0.974054 0.272300 0.000000 0.000000 0.000000 1.000000
0.999578 -0.029033 0.000678 -0.000000 0.028439 0.973847 -0.225420 15.859200 0.005884 0.225344 0.974261 0.272300 0.000000 0.000000 0.000000 1.000000
0.999111 -0.041976 -0.003807 0.000000 0.040030 0.973293 -0.226049 15.859200 0.013194 0.225696 0.974108 0.272300 0.000000 0.000000 0.000000 1.000000
0.998918 -0.046012 -0.006800 0.000000 0.043281 0.973088 -0.226332 15.859200 0.017031 0.225792 0.974027 0.272300 0.000000 0.000000 0.000000 1.000000
0.999034 -0.043024 -0.008965 -0.000000 0.039898 0.973431 -0.225476 15.859200 0.018428 0.224901 0.974207 0.272300 0.000000 0.000000 0.000000 1.000000
