<?xml version="1.0" encoding="utf-8"?>
<COLLADA xmlns="http://www.collada.org/2005/11/COLLADASchema" version="1.4.1">
  <asset><contributor><author>Mixamo</author><authoring_tool>COLLADA Mixamo exporter</authoring_tool><comments></comments></contributor><created>2021-05-08T16:37:25Z</created><modified>2021-05-08T16:37:25Z</modified><revision></revision><title></title><unit meter="0.010000"/><up_axis>Y_UP</up_axis></asset>
  <library_animations>
    <animation id="mixamorig_Hips-anim" name="mixamorig_Hips"><source id="mixamorig_Hips-Matrix-animation-input"><float_array id="mixamorig_Hips-Matrix-animation-input-array" count="52">

0.000000 0.033333 0.066667 0.100000 0.133333 0.166667 0.200000 0.233333 0.266667 0.300000 0.333333 0.366667 0.400000 0.433333 0.466667 0.500000
0.533333 0.566667 0.600000 0.633333 0.666667 0.700000 0.733333 0.766667 0.800000 0.833333 0.866667 0.900000 0.933333 0.966667 1.000000 1.033333
1.066667 1.100000 1.133333 1.166667 1.200000 1.233333 1.266667 1.300000 1.333333 1.366667 1.400000 1.433333 1.466667 1.500000 1.533333 1.566667
1.600000 1.633333 1.666667 1.700000</float_array><technique_common><accessor source="#mixamorig_Hips-Matrix-animation-input-array" count="52"><param name="TIME" type="float"/></accessor></technique_common></source><source id="mixamorig_Hips-Matrix-animation-output-transform"><float_array id="mixamorig_Hips-Matrix-animation-output-transform-array" count="832">

0.478347 -0.527892 0.701794 3.896409 -0.208423 0.708074 0.674678 107.981171 -0.853079 -0.469000 0.228681 -14.737379 0.000000 0.000000 0.000000 1.000000
0.481419 -0.525431 0.701540 4.053790 -0.213090 0.706219 0.675165 108.381203 -0.850193 -0.474529 0.228023 -13.156031 0.000000 0.000000 0.000000 1.000000
0.485290 -0.525857 0.698547 4.163756 -0.220434 0.699540 0.679744 108.836815 -0.846110 -0.483856 0.223563 -11.323948 0.000000 0.000000 0.000000 1.000000
0.489891 -0.527732 0.693906 4.226956 -0.231818 0.688447 0.687241 109.300827 -0.840397 -0.497533 0.214927 -9.249191 0.000000 0.000000 0.000000 1.000000
0.496746 -0.529105 0.687962 4.211276 -0.246975 0.673728 0.696487 109.714851 -0.832014 -0.515886 0.203996 -6.991857 0.000000 0.000000 0.000000 1.000000
0.507244 -0.528464 0.680756 4.060726 -0.264324 0.656448 0.706547 110.023514 -0.820266 -0.538332 0.193294 -4.639316 0.000000 0.000000 0.000000 1.000000
0.520134 -0.526344 0.672624 3.845326 -0.283667 0.636371 0.717332 110.215919 -0.805602 -0.563910 0.181692 -2.209920 0.000000 0.000000 0.000000 1.000000
0.531089 -0.525510 0.664668 3.760122 -0.306886 0.611882 0.728986 110.338936 -0.789788 -0.591134 0.163692 0.363574 0.000000 0.000000 0.000000 1.000000
0.538105 -0.527615 0.657317 3.933777 -0.334461 0.582164 0.741094 110.454552 -0.773679 -0.618634 0.136798 3.096884 0.000000 0.000000 0.000000 1.000000
0.542169 -0.532239 0.650210 4.333420 -0.364763 0.548020 0.752743 110.601761 -0.756968 -0.645287 0.102978 5.924459 0.000000 0.000000 0.000000 1.000000
0.544245 -0.539075 0.642802 4.886381 -0.395555 0.510810 0.763289 110.796661 -0.739820 -0.669680 0.064772 8.780331 0.000000 0.000000 0.000000 1.000000
0.544126 -0.549054 0.634403 5.549911 -0.424701 0.471859 0.772644 111.055916 -0.723572 -0.689847 0.023566 11.632534 0.000000 0.000000 0.000000 1.000000
0.541751 -0.562857 0.624258 6.288116 -0.450710 0.432362 0.780976 111.405571 -0.709483 -0.704454 -0.019453 14.457124 0.000000 0.000000 0.000000 1.000000
0.538861 -0.578832 0.612031 7.055532 -0.473236 0.393051 0.788390 111.857063 -0.696905 -0.714467 -0.062124 17.203114 0.000000 0.000000 0.000000 1.000000
0.537538 -0.593579 0.598930 7.771423 -0.493239 0.354757 0.794269 112.392654 -0.683936 -0.722365 -0.102081 19.801144 0.000000 0.000000 0.000000 1.000000
0.538723 -0.604284 0.587042 8.352450 -0.511752 0.318801 0.797794 112.981010 -0.669244 -0.730210 -0.137498 22.193407 0.000000 0.000000 0.000000 1.000000
0.543015 -0.609607 0.577506 8.784938 -0.528611 0.286209 0.799159 113.591423 -0.652461 -0.739231 -0.166829 24.350922 0.000000 0.000000 0.000000 1.000000
0.549404 -0.609730 0.571301 9.076071 -0.543712 0.258292 0.798538 114.195465 -0.634455 -0.749343 -0.189610 26.273485 0.000000 0.000000 0.000000 1.000000
0.555440 -0.605636 0.569817 9.269796 -0.557799 0.236849 0.795464 114.759674 -0.616722 -0.759676 -0.206268 27.978193 0.000000 0.000000 0.000000 1.000000
0.558488 -0.598665 0.574187 9.411538 -0.571390 0.224151 0.789474 115.234413 -0.601336 -0.768997 -0.216886 29.472668 0.000000 0.000000 0.000000 1.000000
0.558284 -0.589588 0.583699 9.530851 -0.582850 0.221964 0.781676 115.549011 -0.590427 -0.776607 -0.219722 30.738176 0.000000 0.000000 0.000000 1.000000
0.556189 -0.580056 0.595138 9.600131 -0.591523 0.226698 0.773762 115.732780 -0.583742 -0.782396 -0.217030 31.869791 0.000000 0.000000 0.000000 1.000000
0.554184 -0.571530 0.605172 9.566694 -0.597272 0.233361 0.767338 115.846222 -0.579781 -0.786699 -0.212034 32.984684 0.000000 0.000000 0.000000 1.000000
0.553503 -0.564325 0.612513 9.386387 -0.599161 0.241014 0.763491 115.874748 -0.578481 -0.789588 -0.204719 34.095734 0.000000 0.000000 0.000000 1.000000
0.553307 -0.559683 0.616933 9.080207 -0.597985 0.248710 0.761943 115.823891 -0.579885 -0.790505 -0.197069 35.243904 0.000000 0.000000 0.000000 1.000000
0.551978 -0.558554 0.619142 8.728426 -0.595314 0.255949 0.761638 115.716789 -0.583885 -0.788991 -0.191237 36.478188 0.000000 0.000000 0.000000 1.000000
0.550065 -0.559180 0.620279 8.365074 -0.591726 0.263155 0.761978 115.584938 -0.589312 -0.786172 -0.186129 37.804615 0.000000 0.000000 0.000000 1.000000
0.550412 -0.557844 0.621174 7.942636 -0.586537 0.271118 0.763197 115.459290 -0.594156 -0.784414 -0.177970 39.188698 0.000000 0.000000 0.000000 1.000000
0.553121 -0.554395 0.621855 7.454555 -0.580363 0.279100 0.765037 115.365829 -0.597693 -0.784060 -0.167374 40.653271 0.000000 0.000000 0.000000 1.000000
0.553537 -0.553550 0.622237 7.002092 -0.576044 0.285113 0.766084 115.325867 -0.601474 -0.782492 -0.161048 42.306103 0.000000 0.000000 0.000000 1.000000
0.549615 -0.557166 0.622487 6.640442 -0.574619 0.288744 0.765794 115.347725 -0.606413 -0.778584 -0.161460 44.175873 0.000000 0.000000 0.000000 1.000000
0.545158 -0.561341 0.622655 6.312282 -0.573929 0.291480 0.765274 115.420158 -0.611071 -0.774555 -0.163268 46.140862 0.000000 0.000000 0.000000 1.000000
0.543659 -0.562089 0.623291 5.966352 -0.572398 0.294821 0.765141 115.529182 -0.613837 -0.772746 -0.161456 48.063107 0.000000 0.000000 0.000000 1.000000
0.544924 -0.558828 0.625115 5.646423 -0.571177 0.298403 0.764665 115.675194 -0.613853 -0.773736 -0.156582 49.891205 0.000000 0.000000 0.000000 1.000000
0.546519 -0.553213 0.628707 5.420698 -0.572871 0.300638 0.762520 115.870087 -0.610849 -0.776899 -0.152615 51.634735 0.000000 0.000000 0.000000 1.000000
0.546956 -0.546546 0.634134 5.304911 -0.578705 0.300511 0.758151 116.115082 -0.604929 -0.781653 -0.151923 53.287849 0.000000 0.000000 0.000000 1.000000
0.546413 -0.538927 0.641086 5.261513 -0.587424 0.298992 0.752022 116.389496 -0.596964 -0.787504 -0.153206 54.815773 0.000000 0.000000 0.000000 1.000000
0.545351 -0.530554 0.648926 5.318954 -0.596525 0.298219 0.745133 116.662018 -0.588855 -0.793460 -0.153855 56.191402 0.000000 0.000000 0.000000 1.000000
0.544416 -0.522763 0.655996 5.547805 -0.603323 0.299291 0.739207 116.903030 -0.582763 -0.798213 -0.152456 57.398491 0.000000 0.000000 0.000000 1.000000
0.546542 -0.516491 0.659188 5.910470 -0.604577 0.301320 0.737355 117.076233 -0.579464 -0.801526 -0.147575 58.397102 0.000000 0.000000 0.000000 1.000000
0.554812 -0.510887 0.656642 6.238966 -0.598571 0.303055 0.741532 117.133720 -0.577838 -0.804457 -0.137664 59.148354 0.000000 0.000000 0.000000 1.000000
0.567517 -0.504797 0.650465 6.408230 -0.587615 0.305065 0.749429 117.018700 -0.576743 -0.807537 -0.123496 59.683426 0.000000 0.000000 0.000000 1.000000
0.578832 -0.498610 0.645245 6.461714 -0.575978 0.310136 0.756350 116.673668 -0.577238 -0.809446 -0.107672 60.103077 0.000000 0.000000 0.000000 1.000000
0.583758 -0.493882 0.644443 6.530041 -0.566198 0.321261 0.759086 116.062424 -0.581934 -0.808005 -0.092096 60.502026 0.000000 0.000000 0.000000 1.000000
0.582236 -0.491512 0.647624 6.681395 -0.558283 0.337368 0.757960 115.153923 -0.591034 -0.802869 -0.077975 60.904167 0.000000 0.000000 0.000000 1.000000
0.577435 -0.491255 0.652102 6.813963 -0.553775 0.351232 0.754963 113.905014 -0.599919 -0.797060 -0.069231 61.289349 0.000000 0.000000 0.000000 1.000000
0.569899 -0.493865 0.656744 6.854635 -0.559268 0.352434 0.750340 112.316650 -0.602025 -0.794914 -0.075351 61.723595 0.000000 0.000000 0.000000 1.000000
0.559368 -0.499208 0.661739 7.322678 -0.579594 0.335176 0.742784 110.509468 -0.592603 -0.799030 -0.101851 62.383148 0.000000 0.000000 0.000000 1.000000
0.539411 -0.509724 0.670237 8.398887 -0.612960 0.308049 0.727589 108.619751 -0.577335 -0.803298 -0.146276 63.320469 0.000000 0.000000 0.000000 1.000000
0.511749 -0.526042 0.679260 9.724612 -0.648287 0.282379 0.707097 106.724800 -0.563771 -0.802211 -0.196519 64.297928 0.000000 0.000000 0.000000 1.000000
0.486820 -0.544593 0.682953 11.016195 -0.674174 0.262897 0.690198 104.910912 -0.555424 -0.796432 -0.239167 64.971054 0.000000 0.000000 0.000000 1.000000
0.474041 -0.561915 0.677891 12.250406 -0.684628 0.248909 0.685076 103.277718 -0.553688 -0.788857 -0.266710 65.134544 0.000000 0.000000 0.000000 1.000000</float_array><technique_common><accessor source="#mixamorig_Hips-Matrix-animation-output-transform-array" count="52" stride="16"><param type="float4x4"/></accessor></technique_common></source><source id="mixamorig_Hips-Interpolations"><Name_array id="mixamorig_Hips-Interpolations-array" count="52">
 LINEAR LINEAR LINEAR LINEAR LINEAR LINEAR LINEAR LINEAR LINEAR LINEAR LINEAR
LINEAR LINEAR LINEAR LINEAR LINEAR LINEAR LINEAR LINEAR LINEAR LINEAR LINEAR LINEAR
LINEAR LINEAR LINEAR LINEAR LINEAR LINEAR LINEAR LINEAR LINEAR LINEAR LINEAR LINEAR
LINEAR LINEAR LINEAR LINEAR LINEAR LINEAR LINEAR LINEAR LINEAR LINEAR LINEAR LINEAR
LINEAR LINEAR LINEAR LINEAR LINEAR</Name_array><technique_common><accessor source="#mixamorig_Hips-Interpolations-array" count="52"><param type="name"/></accessor></technique_common></source><sampler id="mixamorig_Hips-Matrix-animation-transform"><input semantic="INPUT" source="#mixamorig_Hips-Matrix-animation-input"/><input semantic="OUTPUT" source="#mixamorig_Hips-Matrix-animation-output-transform"/><input semantic="INTERPOLATION" source="#mixamorig_Hips-Interpolations"/></sampler><channel source="#mixamorig_Hips-Matrix-animation-transform" target="mixamorig_Hips/matrix"/></animation>
    <animation id="mixamorig_Spine-anim" name="mixamorig_Spine"><source id="mixamorig_Spine-Matrix-animation-input"><float_array id="mixamorig_Spine-Matrix-animation-input-array" count="52">

0.000000 0.033333 0.066667 0.100000 0.133333 0.166667 0.200000 0.233333 0.266667 0.300000 0.333333 0.366667 0.400000 0.433333 0.466667 0.500000
0.533333 0.566667 0.600000 0.633333 0.666667 0.700000 0.733333 0.766667 0.800000 0.833333 0.866667 0.900000 0.933333 0.966667 1.000000 1.033333
1.066667 1.100000 1.133333 1.166667 1.200000 1.233333 1.266667 1.300000 1.333333 1.366667 1.400000 1.433333 1.466667 1.500000 1.533333 1.566667
1.600000 1.633333 1.666667 1.700000</float_array><technique_common><accessor source="#mixamorig_Spine-Matrix-animation-input-array" count="52"><param name="TIME" type="float"/></accessor></technique_common></source><source id="mixamorig_Spine-Matrix-animation-output-transform"><float_array id="mixamorig_Spine-Matrix-animation-output-transform-array" count="832">

0.996128 -0.073517 0.048216 0.000000 0.068512 0.992795 0.098310 9.933500 -0.055096 -0.094626 0.993987 -1.156000 0.000000 0.000000 0.000000 1.000000
0.996031 -0.074961 0.047986 0.000000 0.070210 0.993092 0.094020 9.933500 -0.054702 -0.090278 0.994413 -1.156000 0.000000 0.000000 0.000000 1.000000
0.996025 -0.076365 0.045864 -0.000000 0.072074 0.993432 0.088877 9.933500 -0.052350 -0.085218 0.994986 -1.156000 0.000000 0.000000 0.000000 1.000000
0.996101 -0.077670 0.041840 0.000000 0.074011 0.993810 0.082848 9.933500 -0.048016 -0.079428 0.995684 -1.156000 0.000000 0.000000 0.000000 1.000000
0.996187 -0.079043 0.036941 0.000000 0.076079 0.994223 0.075713 9.933500 -0.042712 -0.072614 0.996445 -1.156000 0.000000 0.000000 0.000000 1.000000
0.996222 -0.080695 0.032107 0.000000 0.078380 0.994615 0.067811 9.933500 -0.037406 -0.065038 0.997181 -1.156000 0.000000 0.000000 0.000000 1.000000
0.996191 -0.082849 0.027196 0.000000 0.081109 0.994908 0.059829 9.933500 -0.032014 -0.057395 0.997838 -1.156000 0.000000 0.000000 0.000000 1.000000
0.996149 -0.085174 0.020784 0.000000 0.084001 0.995109 0.051977 9.933500 -0.025109 -0.050031 0.998432 -1.156000 0.000000 0.000000 0.000000 1.000000
0.996091 -0.087440 0.012565 0.000000 0.086811 0.995250 0.044056 9.933500 -0.016358 -0.042793 0.998950 -1.156000 0.000000 0.000000 0.000000 1.000000
0.995978 -0.089530 0.003404 0.000000 0.089351 0.995349 0.036012 9.933500 -0.006612 -0.035563 0.999346 -1.156000 0.000000 0.000000 0.000000 1.000000
0.995802 -0.091345 -0.005828 0.000000 0.091473 0.995414 0.028002 9.933500 0.003243 -0.028417 0.999591 -1.156000 0.000000 0.000000 0.000000 1.000000
0.995592 -0.092601 -0.014915 -0.000000 0.092893 0.995470 0.020275 9.933500 0.012970 -0.021571 0.999683 -1.156000 0.000000 0.000000 0.000000 1.000000
0.995371 -0.093047 -0.024070 -0.000000 0.093377 0.995546 0.012990 9.933500 0.022754 -0.015177 0.999626 -1.156000 0.000000 0.000000 0.000000 1.000000
0.995093 -0.093306 -0.032924 0.000000 0.093546 0.995598 0.005833 9.933500 0.032235 -0.008884 0.999441 -1.156000 0.000000 0.000000 0.000000 1.000000
0.994716 -0.094246 -0.040716 0.000000 0.094254 0.995547 -0.001719 9.933500 0.040696 -0.002128 0.999169 -1.156000 0.000000 0.000000 0.000000 1.000000
0.994273 -0.096042 -0.046881 0.000000 0.095706 0.995366 -0.009356 9.933500 0.047562 0.004816 0.998857 -1.156000 0.000000 0.000000 0.000000 1.000000
0.993798 -0.098756 -0.051123 0.000000 0.098056 0.995052 -0.016013 9.933500 0.052452 0.010900 0.998564 -1.156000 0.000000 0.000000 0.000000 1.000000
0.993317 -0.101883 -0.054227 0.000000 0.100876 0.994678 -0.020984 9.933500 0.056076 0.015374 0.998308 -1.156000 0.000000 0.000000 0.000000 1.000000
0.992847 -0.104894 -0.057024 0.000000 0.103665 0.994320 -0.024110 9.933500 0.059229 0.018026 0.998082 -1.156000 0.000000 0.000000 0.000000 1.000000
0.992441 -0.107204 -0.059741 -0.000000 0.105854 0.994059 -0.025335 9.933500 0.062102 0.018820 0.997892 -1.156000 0.000000 0.000000 0.000000 1.000000
0.992172 -0.108579 -0.061685 0.000000 0.107229 0.993925 -0.024802 9.933500 0.064003 0.017994 0.997787 -1.156000 0.000000 0.000000 0.000000 1.000000
0.992034 -0.109240 -0.062736 -0.000000 0.107950 0.993876 -0.023607 9.933500 0.064931 0.016646 0.997751 -1.156000 0.000000 0.000000 0.000000 1.000000
0.991976 -0.109616 -0.062985 0.000000 0.108378 0.993849 -0.022754 9.933500 0.065091 0.015745 0.997755 -1.156000 0.000000 0.000000 0.000000 1.000000
0.992024 -0.109501 -0.062436 0.000000 0.108301 0.993868 -0.022303 9.933500 0.064496 0.015363 0.997800 -1.156000 0.000000 0.000000 0.000000 1.000000
0.992172 -0.108571 -0.061702 0.000000 0.107378 0.993967 -0.022337 9.933500 0.063754 0.015537 0.997845 -1.156000 0.000000 0.000000 0.000000 1.000000
0.992375 -0.106851 -0.061440 -0.000000 0.105632 0.994144 -0.022773 9.933500 0.063513 0.016110 0.997851 -1.156000 0.000000 0.000000 0.000000 1.000000
0.992568 -0.105095 -0.061353 0.000000 0.103863 0.994327 -0.022946 9.933500 0.063417 0.016404 0.997852 -1.156000 0.000000 0.000000 0.000000 1.000000
0.992730 -0.104255 -0.060151 0.000000 0.103103 0.994428 -0.021961 9.933500 0.062105 0.015599 0.997948 -1.156000 0.000000 0.000000 0.000000 1.000000
0.992900 -0.104136 -0.057494 0.000000 0.103143 0.994466 -0.019977 9.933500 0.059256 0.013905 0.998146 -1.156000 0.000000 0.000000 0.000000 1.000000
0.993110 -0.103502 -0.054949 0.000000 0.102643 0.994551 -0.018248 9.933500 0.056538 0.012482 0.998322 -1.156000 0.000000 0.000000 0.000000 1.000000
0.993321 -0.102163 -0.053631 0.000000 0.101370 0.994698 -0.017304 9.933500 0.055115 0.011752 0.998411 -1.156000 0.000000 0.000000 0.000000 1.000000
0.993444 -0.101332 -0.052923 0.000000 0.100589 0.994791 -0.016518 9.933500 0.054321 0.011086 0.998462 -1.156000 0.000000 0.000000 0.000000 1.000000
0.993425 -0.102003 -0.051977 0.000000 0.101336 0.994734 -0.015313 9.933500 0.053266 0.009945 0.998531 -1.156000 0.000000 0.000000 0.000000 1.000000
0.993227 -0.104710 -0.050366 0.000000 0.104136 0.994466 -0.013905 9.933500 0.051543 0.008566 0.998634 -1.156000 0.000000 0.000000 0.000000 1.000000
0.992815 -0.109450 -0.048368 0.000000 0.108959 0.993965 -0.012683 9.933500 0.049464 0.007321 0.998749 -1.156000 0.000000 0.000000 0.000000 1.000000
0.992197 -0.115557 -0.046813 0.000000 0.115137 0.993282 -0.011579 9.933500 0.047837 0.006099 0.998837 -1.156000 0.000000 0.000000 0.000000 1.000000
0.991463 -0.121839 -0.046430 0.000000 0.121489 0.992539 -0.010292 9.933500 0.047338 0.004564 0.998869 -1.156000 0.000000 0.000000 0.000000 1.000000
0.990732 -0.127499 -0.046846 0.000000 0.127228 0.991835 -0.008738 9.933500 0.047577 0.002697 0.998864 -1.156000 0.000000 0.000000 0.000000 1.000000
0.990108 -0.132238 -0.046901 0.000000 0.132054 0.991218 -0.007002 9.933500 0.047415 0.000739 0.998875 -1.156000 0.000000 0.000000 0.000000 1.000000
0.989654 -0.136023 -0.045636 0.000000 0.135916 0.990705 -0.005447 9.933500 0.045952 -0.000812 0.998943 -1.156000 0.000000 0.000000 0.000000 1.000000
0.989362 -0.138859 -0.043369 0.000000 0.138781 0.990311 -0.004829 9.933500 0.043619 -0.001241 0.999047 -1.156000 0.000000 0.000000 0.000000 1.000000
0.989213 -0.140447 -0.041623 0.000000 0.140325 0.990088 -0.005838 9.933500 0.042030 -0.000066 0.999116 -1.156000 0.000000 0.000000 0.000000 1.000000
0.989212 -0.140483 -0.041521 0.000000 0.140251 0.990080 -0.008465 9.933500 0.042299 0.002550 0.999102 -1.156000 0.000000 0.000000 0.000000 1.000000
0.989274 -0.139586 -0.043041 0.000000 0.139202 0.990193 -0.011827 9.933500 0.044270 0.005708 0.999003 -1.156000 0.000000 0.000000 0.000000 1.000000
0.989207 -0.139479 -0.044880 0.000000 0.138931 0.990187 -0.015117 9.933500 0.046548 0.008719 0.998878 -1.156000 0.000000 0.000000 0.000000 1.000000
0.989028 -0.140526 -0.045558 -0.000000 0.139786 0.989998 -0.019055 9.933500 0.047780 0.012477 0.998780 -1.156000 0.000000 0.000000 0.000000 1.000000
0.988914 -0.141355 -0.045465 0.000000 0.140307 0.989780 -0.025480 9.933500 0.048602 0.018819 0.998641 -1.156000 0.000000 0.000000 0.000000 1.000000
0.988525 -0.144776 -0.043102 0.000000 0.143378 0.989085 -0.033963 9.933500 0.047548 0.027394 0.998493 -1.156000 0.000000 0.000000 0.000000 1.000000
0.987708 -0.150662 -0.041640 0.000000 0.148986 0.987997 -0.040795 9.933500 0.047286 0.034090 0.998299 -1.156000 0.000000 0.000000 0.000000 1.000000
0.986690 -0.157039 -0.042212 0.000000 0.155213 0.986920 -0.043556 9.933500 0.048500 0.036424 0.998159 -1.156000 0.000000 0.000000 0.000000 1.000000
0.985962 -0.161560 -0.042155 0.000000 0.159764 0.986219 -0.042991 9.933500 0.048519 0.035652 0.998186 -1.156000 0.000000 0.000000 0.000000 1.000000
0.985827 -0.163462 -0.037750 0.000000 0.161868 0.985917 -0.042034 9.933500 0.044090 0.035328 0.998403 -1.156000 0.000000 0.000000 0.000000 1.000000</float_array><technique_common><accessor source="#mixamorig_Spine-Matrix-animation-output-transform-array" count="52" stride="16"><param type="float4x4"/></accessor></technique_common></source><source id="mixamorig_Spine-Interpolations"><Name_array id="mixamorig_Spine-Interpolations-array" count="52">
 LINEAR LINEAR LINEAR LINEAR LINEAR LINEAR LINEAR LINEAR LINEAR LINEAR LINEAR
LINEAR LINEAR LINEAR LINEAR LINEAR LINEAR LINEAR LINEAR LINEAR LINEAR LINEAR LINEAR
LINEAR LINEAR LINEAR LINEAR LINEAR LINEAR LINEAR LINEAR LINEAR LINEAR LINEAR LINEAR
LINEAR LINEAR LINEAR LINEAR LINEAR LINEAR LINEAR LINEAR LINEAR LINEAR LINEAR LINEAR
LINEAR LINEAR LINEAR LINEAR LINEAR</Name_array><technique_common><accessor source="#mixamorig_Spine-Interpolations-array" count="52"><param type="name"/></accessor></technique_common></source><sampler id="mixamorig_Spine-Matrix-animation-transform"><input semantic="INPUT" source="#mixamorig_Spine-Matrix-animation-input"/><input semantic="OUTPUT" source="#mixamorig_Spine-Matrix-animation-output-transform"/><input semantic="INTERPOLATION" source="#mixamorig_Spine-Interpolations"/></sampler><channel source="#mixamorig_Spine-Matrix-animation-transform" target="mixamorig_Spine/matrix"/></animation>
    <animation id="mixamorig_Spine1-anim" name="mixamorig_Spine1"><source id="mixamorig_Spine1-Matrix-animation-input"><float_array id="mixamorig_Spine1-Matrix-animation-input-array" count="52">

0.000000 0.033333 0.066667 0.100000 0.133333 0.166667 0.200000 0.233333 0.266667 0.300000 0.333333 0.366667 0.400000 0.433333 0.466667 0.500000
0.533333 0.566667 0.600000 0.633333 0.666667 0.700000 0.733333 0.766667 0.800000 0.833333 0.866667 0.900000 0.933333 0.966667 1.000000 1.033333
1.066667 1.100000 1.133333 1.166667 1.200000 1.233333 1.266667 1.300000 1.333333 1.366667 1.400000 1.433333 1.466667 1.500000 1.533333 1.566667
1.600000 1.633333 1.666667 1.700000</float_array><technique_common><accessor source="#mixamorig_Spine1-Matrix-animation-input-array" count="52"><param name="TIME" type="float"/></accessor></technique_common></source><source id="mixamorig_Spine1-Matrix-animation-output-transform"><float_array id="mixamorig_Spine1-Matrix-animation-output-transform-array" count="832">

0.985876 -0.138927 0.093530 -0.000000 0.142394 0.989310 -0.031443 11.667300 -0.088162 0.044317 0.995120 0.000000 0.000000 0.000000 0.000000 1.000000
0.985559 -0.141337 0.093255 0.000000 0.145550 0.988542 -0.040005 11.667300 -0.086532 0.053000 0.994838 0.000000 0.000000 0.000000 0.000000 1.000000
0.985623 -0.143506 0.089177 0.000000 0.148364 0.987646 -0.050436 11.667300 -0.080837 0.062941 0.994738 0.000000 0.000000 0.000000 0.000000 1.000000
0.985932 -0.145827 0.081692 0.000000 0.151114 0.986522 -0.062756 11.667300 -0.071439 0.074218 0.994680 -0.000000 0.000000 0.000000 0.000000 1.000000
0.986225 -0.148565 0.072729 0.000000 0.154087 0.985027 -0.077322 11.667300 -0.060153 0.087463 0.994350 0.000000 0.000000 0.000000 0.000000 1.000000
0.986262 -0.152178 0.064251 0.000000 0.157765 0.983053 -0.093364 11.667300 -0.048954 0.102218 0.993557 0.000000 0.000000 0.000000 0.000000 1.000000
0.986044 -0.156876 0.055737 0.000000 0.162211 0.980658 -0.109537 11.667300 -0.037475 0.117049 0.992419 0.000000 0.000000 0.000000 0.000000 1.000000
0.985776 -0.162097 0.044391 -0.000000 0.166476 0.978020 -0.125552 11.667300 -0.023064 0.131156 0.991093 -0.000000 0.000000 0.000000 0.000000 1.000000
0.985503 -0.167119 0.029234 0.000000 0.169589 0.975252 -0.141857 11.667300 -0.004803 0.144758 0.989455 0.000000 0.000000 0.000000 0.000000 1.000000
0.985082 -0.171671 0.011937 -0.000000 0.171377 0.972377 -0.158470 11.667300 0.015597 0.158151 0.987292 0.000000 0.000000 0.000000 0.000000 1.000000
0.984447 -0.175586 -0.005744 0.000000 0.171890 0.969452 -0.174977 11.667300 0.036292 0.171268 0.984556 0.000000 0.000000 0.000000 0.000000 1.000000
0.983677 -0.178428 -0.023315 0.000000 0.170815 0.966643 -0.190849 11.667300 0.056590 0.183751 0.981343 0.000000 0.000000 0.000000 0.000000 1.000000
0.982809 -0.180055 -0.040836 0.000000 0.168071 0.964062 -0.205758 11.667300 0.076416 0.195358 0.977750 -0.000000 0.000000 0.000000 0.000000 1.000000
0.981706 -0.181463 -0.057660 0.000000 0.164773 0.961414 -0.220300 11.667300 0.095411 0.206769 0.973726 0.000000 0.000000 0.000000 0.000000 1.000000
0.980238 -0.184148 -0.072265 0.000000 0.162644 0.958176 -0.235469 11.667300 0.112604 0.219062 0.969192 0.000000 0.000000 0.000000 0.000000 1.000000
0.978505 -0.188656 -0.083288 0.000000 0.162656 0.954311 -0.250664 11.667300 0.126772 0.231729 0.964485 0.000000 0.000000 0.000000 0.000000 1.000000
0.976698 -0.194505 -0.090717 -0.000000 0.164763 0.950395 -0.263823 11.667300 0.137532 0.242728 0.960296 0.000000 0.000000 0.000000 0.000000 1.000000
0.974887 -0.200916 -0.096065 0.000000 0.168204 0.947006 -0.273654 11.667300 0.145956 0.250624 0.957019 0.000000 0.000000 0.000000 0.000000 1.000000
0.973120 -0.206922 -0.101098 0.000000 0.171764 0.944536 -0.279910 11.667300 0.153410 0.255021 0.954688 0.000000 0.000000 0.000000 0.000000 1.000000
0.971583 -0.211502 -0.106272 -0.000000 0.174441 0.943276 -0.282489 11.667300 0.159990 0.255923 0.953366 0.000000 0.000000 0.000000 0.000000 1.000000
0.970570 -0.214059 -0.110327 -0.000000 0.176019 0.943241 -0.281625 11.667300 0.164350 0.253917 0.953161 0.000000 0.000000 0.000000 0.000000 1.000000
0.970037 -0.215220 -0.112736 0.000000 0.176910 0.943731 -0.279418 11.667300 0.166528 0.251101 0.953528 0.000000 0.000000 0.000000 0.000000 1.000000
0.969825 -0.215694 -0.113648 0.000000 0.177421 0.944111 -0.277806 11.667300 0.167217 0.249259 0.953891 0.000000 0.000000 0.000000 0.000000 1.000000
0.970019 -0.215169 -0.112988 0.000000 0.177237 0.944414 -0.276893 11.667300 0.166286 0.248566 0.954235 0.000000 0.000000 0.000000 0.000000 1.000000
0.970585 -0.213228 -0.111800 0.000000 0.175652 0.944716 -0.276872 11.667300 0.164656 0.249090 0.954381 -0.000000 0.000000 0.000000 0.000000 1.000000
0.971342 -0.209974 -0.111379 0.000000 0.172466 0.945085 -0.277614 11.667300 0.163555 0.250449 0.954214 -0.000000 0.000000 0.000000 0.000000 1.000000
0.972066 -0.206640 -0.111295 -0.000000 0.169202 0.945603 -0.277859 11.667300 0.162658 0.251266 0.954153 0.000000 0.000000 0.000000 0.000000 1.000000
0.972699 -0.204844 -0.109069 0.000000 0.168359 0.946336 -0.275870 11.667300 0.159726 0.249976 0.954987 0.000000 0.000000 0.000000 0.000000 1.000000
0.973381 -0.204240 -0.104001 0.000000 0.169701 0.947238 -0.271923 11.667300 0.154051 0.247035 0.956683 0.000000 0.000000 0.000000 0.000000 1.000000
0.974214 -0.202640 -0.099217 0.000000 0.169890 0.948197 -0.268440 11.667300 0.148474 0.244662 0.958173 -0.000000 0.000000 0.000000 0.000000 1.000000
0.975031 -0.199829 -0.096867 0.000000 0.168034 0.949075 -0.266497 11.667300 0.145188 0.243565 0.958956 -0.000000 0.000000 0.000000 0.000000 1.000000
0.975503 -0.198118 -0.095624 0.000000 0.166913 0.949717 -0.264911 11.667300 0.143299 0.242461 0.959520 0.000000 0.000000 0.000000 0.000000 1.000000
0.975403 -0.199623 -0.093484 0.000000 0.169247 0.949948 -0.262590 11.667300 0.141224 0.240309 0.960368 -0.000000 0.000000 0.000000 0.000000 1.000000
0.974609 -0.205161 -0.089705 0.000000 0.175945 0.949465 -0.259921 11.667300 0.138497 0.237538 0.961454 0.000000 0.000000 0.000000 0.000000 1.000000
0.973026 -0.214418 -0.085120 0.000000 0.186386 0.948095 -0.257634 11.667300 0.135944 0.234819 0.962486 -0.000000 0.000000 0.000000 0.000000 1.000000
0.970701 -0.225992 -0.081655 0.000000 0.198768 0.946125 -0.255615 11.667300 0.135023 0.231895 0.963324 0.000000 0.000000 0.000000 0.000000 1.000000
0.967920 -0.238004 -0.080523 -0.000000 0.211067 0.944076 -0.253320 11.667300 0.136311 0.228198 0.964026 0.000000 0.000000 0.000000 0.000000 1.000000
0.965100 -0.249078 -0.080889 0.000000 0.222184 0.942261 -0.250558 11.667300 0.138627 0.223841 0.964716 0.000000 0.000000 0.000000 0.000000 1.000000
0.962679 -0.258338 -0.080687 -0.000000 0.231731 0.940798 -0.247385 11.667300 0.139820 0.219455 0.965552 0.000000 0.000000 0.000000 0.000000 1.000000
0.961003 -0.265156 -0.078516 0.000000 0.239307 0.939684 -0.244391 11.667300 0.138582 0.216072 0.966493 0.000000 0.000000 0.000000 0.000000 1.000000
0.960055 -0.269594 -0.074919 0.000000 0.244618 0.938659 -0.243067 11.667300 0.135853 0.215031 0.967112 -0.000000 0.000000 0.000000 0.000000 1.000000
0.959590 -0.272067 -0.071878 0.000000 0.247444 0.937443 -0.244893 11.667300 0.134009 0.217212 0.966882 0.000000 0.000000 0.000000 0.000000 1.000000
0.959446 -0.272868 -0.070754 0.000000 0.247771 0.936016 -0.249968 11.667300 0.134435 0.222300 0.965665 -0.000000 0.000000 0.000000 0.000000 1.000000
0.959290 -0.273273 -0.071308 0.000000 0.247108 0.934398 -0.256589 11.667300 0.136748 0.228523 0.963887 0.000000 0.000000 0.000000 0.000000 1.000000
0.958639 -0.275288 -0.072301 0.000000 0.247900 0.932369 -0.263123 11.667300 0.139846 0.234317 0.962049 0.000000 0.000000 0.000000 0.000000 1.000000
0.957699 -0.278688 -0.071734 0.000000 0.250213 0.929549 -0.270799 11.667300 0.142149 0.241395 0.959960 0.000000 0.000000 0.000000 0.000000 1.000000
0.956895 -0.282327 -0.068137 0.000000 0.252807 0.925169 -0.283109 11.667300 0.142968 0.253680 0.956664 0.000000 0.000000 0.000000 0.000000 1.000000
0.955416 -0.288667 -0.062061 0.000000 0.258130 0.918647 -0.299093 11.667300 0.143351 0.269739 0.952204 -0.000000 0.000000 0.000000 0.000000 1.000000
0.952373 -0.299318 -0.058256 -0.000000 0.267437 0.911660 -0.312015 11.667300 0.146502 0.281575 0.948289 0.000000 0.000000 0.000000 0.000000 1.000000
0.948672 -0.310516 -0.060014 0.000000 0.276784 0.906975 -0.317469 11.667300 0.153010 0.284563 0.946368 0.000000 0.000000 0.000000 0.000000 1.000000
0.946181 -0.317593 -0.062259 0.000000 0.283060 0.905354 -0.316561 11.667300 0.156904 0.281901 0.946527 0.000000 0.000000 0.000000 0.000000 1.000000
0.946166 -0.318566 -0.057313 0.000000 0.285758 0.905277 -0.314350 11.667300 0.152026 0.281050 0.947575 0.000000 0.000000 0.000000 0.000000 1.000000</float_array><technique_common><accessor source="#mixamorig_Spine1-Matrix-animation-output-transform-array" count="52" stride="16"><param type="float4x4"/></accessor></technique_common></source><source id="mixamorig_Spine1-Interpolations"><Name_array id="mixamorig_Spine1-Interpolations-array" count="52">
 LINEAR LINEAR LINEAR LINEAR LINEAR LINEAR LINEAR LINEAR LINEAR LINEAR LINEAR
LINEAR LINEAR LINEAR LINEAR LINEAR LINEAR LINEAR LINEAR LINEAR LINEAR LINEAR LINEAR
LINEAR LINEAR LINEAR LINEAR LINEAR LINEAR LINEAR LINEAR LINEAR LINEAR LINEAR LINEAR
LINEAR LINEAR LINEAR LINEAR LINEAR LINEAR LINEAR LINEAR LINEAR LINEAR LINEAR LINEAR
LINEAR LINEAR LINEAR LINEAR LINEAR</Name_array><technique_common><accessor source="#mixamorig_Spine1-Interpolations-array" count="52"><param type="name"/></accessor></technique_common></source><sampler id="mixamorig_Spine1-Matrix-animation-transform"><input semantic="INPUT" source="#mixamorig_Spine1-Matrix-animation-input"/><input semantic="OUTPUT" source="#mixamorig_Spine1-Matrix-animation-output-transform"/><input semantic="INTERPOLATION" source="#mixamorig_Spine1-Interpolations"/></sampler><channel source="#mixamorig_Spine1-Matrix-animation-transform" target="mixamorig_Spine1/matrix"/></animation>
    <animation id="mixamorig_Spine2-anim" name="mixamorig_Spine2"><source id="mixamorig_Spine2-Matrix-animation-input"><float_array id="mixamorig_Spine2-Matrix-animation-input-array" count="52">

0.000000 0.033333 0.066667 0.100000 0.133333 0.166667 0.200000 0.233333 0.266667 0.300000 0.333333 0.366667 0.400000 0.433333 0.466667 0.500000
0.533333 0.566667 0.600000 0.633333 0.666667 0.700000 0.733333 0.766667 0.800000 0.833333 0.866667 0.900000 0.933333 0.966667 1.000000 1.033333
1.066667 1.100000 1.133333 1.166667 1.200000 1.233333 1.266667 1.300000 1.333333 1.366667 1.400000 1.433333 1.466667 1.500000 1.533333 1.566667
1.600000 1.633333 1.666667 1.700000</float_array><technique_common><accessor source="#mixamorig_Spine2-Matrix-animation-input-array" count="52"><param name="TIME" type="float"/></accessor></technique_common></source><source id="mixamorig_Spine2-Matrix-animation-output-transform"><float_array id="mixamorig_Spine2-Matrix-animation-output-transform-array" count="832">

0.985876 -0.138927 0.093530 0.000000 0.142394 0.989310 -0.031443 13.334100 -0.088162 0.044317 0.995120 0.000000 0.000000 0.000000 0.000000 1.000000
0.985559 -0.141337 0.093255 0.000000 0.145550 0.988542 -0.040005 13.334100 -0.086532 0.053000 0.994838 0.000000 0.000000 0.000000 0.000000 1.000000
0.985623 -0.143506 0.089177 -0.000000 0.148363 0.987646 -0.050436 13.334100 -0.080837 0.062941 0.994738 0.000000 0.000000 0.000000 0.000000 1.000000
0.985932 -0.145827 0.081692 0.000000 0.151114 0.986522 -0.062756 13.334100 -0.071439 0.074218 0.994680 0.000000 0.000000 0.000000 0.000000 1.000000
0.986225 -0.148565 0.072729 0.000000 0.154087 0.985027 -0.077322 13.334100 -0.060153 0.087463 0.994350 -0.000000 0.000000 0.000000 0.000000 1.000000
0.986262 -0.152178 0.064251 0.000000 0.157765 0.983053 -0.093364 13.334100 -0.048954 0.102218 0.993557 -0.000000 0.000000 0.000000 0.000000 1.000000
0.986044 -0.156876 0.055737 0.000000 0.162211 0.980658 -0.109537 13.334100 -0.037475 0.117049 0.992419 0.000000 0.000000 0.000000 0.000000 1.000000
0.985776 -0.162097 0.044391 0.000000 0.166476 0.978020 -0.125552 13.334100 -0.023064 0.131156 0.991093 -0.000000 0.000000 0.000000 0.000000 1.000000
0.985503 -0.167119 0.029234 -0.000000 0.169589 0.975252 -0.141857 13.334100 -0.004803 0.144759 0.989455 0.000000 0.000000 0.000000 0.000000 1.000000
0.985082 -0.171671 0.011937 -0.000000 0.171377 0.972377 -0.158470 13.334100 0.015597 0.158152 0.987292 0.000000 0.000000 0.000000 0.000000 1.000000
0.984447 -0.175586 -0.005744 0.000000 0.171890 0.969452 -0.174977 13.334100 0.036292 0.171268 0.984556 0.000000 0.000000 0.000000 0.000000 1.000000
0.983677 -0.178429 -0.023315 -0.000000 0.170815 0.966643 -0.190848 13.334100 0.056590 0.183751 0.981343 0.000000 0.000000 0.000000 0.000000 1.000000
0.982809 -0.180055 -0.040835 0.000000 0.168072 0.964062 -0.205758 13.334100 0.076415 0.195358 0.977750 0.000000 0.000000 0.000000 0.000000 1.000000
0.981706 -0.181463 -0.057660 -0.000000 0.164773 0.961414 -0.220301 13.334100 0.095412 0.206770 0.973726 -0.000000 0.000000 0.000000 0.000000 1.000000
0.980238 -0.184148 -0.072265 0.000000 0.162644 0.958176 -0.235469 13.334100 0.112604 0.219062 0.969191 0.000000 0.000000 0.000000 0.000000 1.000000
0.978505 -0.188656 -0.083288 0.000000 0.162656 0.954311 -0.250664 13.334100 0.126772 0.231729 0.964485 -0.000000 0.000000 0.000000 0.000000 1.000000
0.976698 -0.194505 -0.090718 0.000000 0.164763 0.950395 -0.263823 13.334100 0.137533 0.242728 0.960296 0.000000 0.000000 0.000000 0.000000 1.000000
0.974887 -0.200916 -0.096066 -0.000000 0.168204 0.947006 -0.273655 13.334100 0.145956 0.250624 0.957019 0.000000 0.000000 0.000000 0.000000 1.000000
0.973120 -0.206922 -0.101098 -0.000000 0.171764 0.944536 -0.279910 13.334100 0.153410 0.255021 0.954688 0.000000 0.000000 0.000000 0.000000 1.000000
0.971583 -0.211502 -0.106272 0.000000 0.174441 0.943276 -0.282489 13.334100 0.159990 0.255923 0.953366 0.000000 0.000000 0.000000 0.000000 1.000000
0.970570 -0.214060 -0.110328 0.000000 0.176019 0.943241 -0.281626 13.334100 0.164350 0.253918 0.953160 0.000000 0.000000 0.000000 0.000000 1.000000
0.970037 -0.215220 -0.112736 -0.000000 0.176910 0.943731 -0.279417 13.334100 0.166528 0.251101 0.953528 0.000000 0.000000 0.000000 0.000000 1.000000
0.969825 -0.215694 -0.113648 0.000000 0.177421 0.944111 -0.277805 13.334100 0.167217 0.249259 0.953891 0.000000 0.000000 0.000000 0.000000 1.000000
0.970019 -0.215169 -0.112988 0.000000 0.177236 0.944414 -0.276893 13.334100 0.166286 0.248566 0.954235 -0.000000 0.000000 0.000000 0.000000 1.000000
0.970585 -0.213228 -0.111800 0.000000 0.175652 0.944716 -0.276872 13.334100 0.164656 0.249090 0.954381 0.000000 0.000000 0.000000 0.000000 1.000000
0.971342 -0.209974 -0.111379 0.000000 0.172465 0.945085 -0.277614 13.334100 0.163555 0.250449 0.954214 -0.000000 0.000000 0.000000 0.000000 1.000000
0.972066 -0.206640 -0.111295 0.000000 0.169201 0.945603 -0.277859 13.334100 0.162658 0.251266 0.954153 0.000000 0.000000 0.000000 0.000000 1.000000
0.972699 -0.204844 -0.109069 0.000000 0.168359 0.946336 -0.275870 13.334100 0.159727 0.249976 0.954987 0.000000 0.000000 0.000000 0.000000 1.000000
0.973381 -0.204240 -0.104001 0.000000 0.169701 0.947238 -0.271923 13.334100 0.154051 0.247035 0.956683 -0.000000 0.000000 0.000000 0.000000 1.000000
0.974214 -0.202640 -0.099217 0.000000 0.169890 0.948197 -0.268439 13.334100 0.148474 0.244661 0.958173 -0.000000 0.000000 0.000000 0.000000 1.000000
0.975031 -0.199829 -0.096867 0.000000 0.168034 0.949075 -0.266496 13.334100 0.145188 0.243565 0.958956 -0.000000 0.000000 0.000000 0.000000 1.000000
0.975503 -0.198118 -0.095624 0.000000 0.166913 0.949717 -0.264912 13.334100 0.143300 0.242461 0.959520 0.000000 0.000000 0.000000 0.000000 1.000000
0.975403 -0.199623 -0.093484 0.000000 0.169247 0.949948 -0.262590 13.334100 0.141224 0.240309 0.960368 -0.000000 0.000000 0.000000 0.000000 1.000000
0.974609 -0.205161 -0.089705 0.000000 0.175945 0.949465 -0.259921 13.334100 0.138497 0.237538 0.961454 0.000000 0.000000 0.000000 0.000000 1.000000
0.973026 -0.214418 -0.085121 0.000000 0.186386 0.948095 -0.257634 13.334100 0.135944 0.234820 0.962486 0.000000 0.000000 0.000000 0.000000 1.000000
0.970701 -0.225992 -0.081655 -0.000000 0.198768 0.946125 -0.255615 13.334100 0.135023 0.231895 0.963324 0.000000 0.000000 0.000000 0.000000 1.000000
0.967921 -0.238004 -0.080523 -0.000000 0.211067 0.944076 -0.253320 13.334100 0.136311 0.228198 0.964026 -0.000000 0.000000 0.000000 0.000000 1.000000
0.965099 -0.249078 -0.080889 0.000000 0.222184 0.942261 -0.250558 13.334100 0.138627 0.223841 0.964716 0.000000 0.000000 0.000000 0.000000 1.000000
0.962679 -0.258338 -0.080688 -0.000000 0.231731 0.940798 -0.247386 13.334100 0.139820 0.219455 0.965552 -0.000000 0.000000 0.000000 0.000000 1.000000
0.961003 -0.265157 -0.078516 0.000000 0.239307 0.939684 -0.244391 13.334100 0.138582 0.216071 0.966493 -0.000000 0.000000 0.000000 0.000000 1.000000
0.960055 -0.269594 -0.074919 0.000000 0.244618 0.938659 -0.243066 13.334100 0.135853 0.215031 0.967112 0.000000 0.000000 0.000000 0.000000 1.000000
0.959590 -0.272067 -0.071878 0.000000 0.247443 0.937443 -0.244894 13.334100 0.134009 0.217212 0.966882 -0.000000 0.000000 0.000000 0.000000 1.000000
0.959446 -0.272869 -0.070754 0.000000 0.247771 0.936016 -0.249969 13.334100 0.134436 0.222301 0.965665 -0.000000 0.000000 0.000000 0.000000 1.000000
0.959290 -0.273273 -0.071308 0.000000 0.247108 0.934398 -0.256589 13.334100 0.136748 0.228523 0.963887 -0.000000 0.000000 0.000000 0.000000 1.000000
0.958639 -0.275289 -0.072300 0.000000 0.247900 0.932369 -0.263123 13.334100 0.139845 0.234317 0.962049 0.000000 0.000000 0.000000 0.000000 1.000000
0.957699 -0.278688 -0.071734 0.000000 0.250213 0.929549 -0.270799 13.334100 0.142149 0.241395 0.959960 0.000000 0.000000 0.000000 0.000000 1.000000
0.956895 -0.282327 -0.068137 0.000000 0.252807 0.925169 -0.283109 13.334100 0.142968 0.253680 0.956664 0.000000 0.000000 0.000000 0.000000 1.000000
0.955416 -0.288667 -0.062061 0.000000 0.258130 0.918647 -0.299093 13.334100 0.143351 0.269739 0.952204 0.000000 0.000000 0.000000 0.000000 1.000000
0.952373 -0.299318 -0.058257 0.000000 0.267436 0.911660 -0.312016 13.334100 0.146502 0.281575 0.948289 0.000000 0.000000 0.000000 0.000000 1.000000
0.948672 -0.310516 -0.060014 0.000000 0.276784 0.906975 -0.317469 13.334100 0.153010 0.284563 0.946368 0.000000 0.000000 0.000000 0.000000 1.000000
0.946181 -0.317593 -0.062259 0.000000 0.283060 0.905354 -0.316561 13.334100 0.156904 0.281901 0.946527 0.000000 0.000000 0.000000 0.000000 1.000000
0.946166 -0.318566 -0.057314 0.000000 0.285757 0.905277 -0.314350 13.334100 0.152026 0.281050 0.947575 0.000000 0.000000 0.000000 0.000000 1.000000</float_array><technique_common><accessor source="#mixamorig_Spine2-Matrix-animation-output-transform-array" count="52" stride="16"><param type="float4x4"/></accessor></technique_common></source><source id="mixamorig_Spine2-Interpolations"><Name_array id="mixamorig_Spine2-Interpolations-array" count="52">
 LINEAR LINEAR LINEAR LINEAR LINEAR LINEAR LINEAR LINEAR LINEAR LINEAR LINEAR
LINEAR LINEAR LINEAR LINEAR LINEAR LINEAR LINEAR LINEAR LINEAR LINEAR LINEAR LINEAR
LINEAR LINEAR LINEAR LINEAR LINEAR LINEAR LINEAR LINEAR LINEAR LINEAR LINEAR LINEAR
LINEAR LINEAR LINEAR LINEAR LINEAR LINEAR LINEAR LINEAR LINEAR LINEAR LINEAR LINEAR
