<?xml version="1.0" encoding="utf-8"?>
<COLLADA xmlns="http://www.collada.org/2005/11/COLLADASchema" version="1.4.1">
  <asset><contributor><author>Mixamo</author><authoring_tool>COLLADA Mixamo exporter</authoring_tool><comments></comments></contributor><created>2021-05-08T14:33:12Z</created><modified>2021-05-08T14:33:12Z</modified><revision></revision><title></title><unit meter="0.010000"/><up_axis>Y_UP</up_axis></asset>
  <library_animations>
    <animation id="Hips-anim" name="Hips"><source id="Hips-Matrix-animation-input"><float_array id="Hips-Matrix-animation-input-array" count="327">

0.000000 0.033333 0.066667 0.100000 0.133333 0.166667 0.200000 0.233333 0.266667 0.300000 0.333333 0.366667 0.400000 0.433333 0.466667 0.500000
0.533333 0.566667 0.600000 0.633333 0.666667 0.700000 0.733333 0.766667 0.800000 0.833333 0.866667 0.900000 0.933333 0.966667 1.000000 1.033333
1.066667 1.100000 1.133333 1.166667 1.200000 1.233333 1.266667 1.300000 1.333333 1.366667 1.400000 1.433333 1.466667 1.500000 1.533333 1.566667
1.600000 1.633333 1.666667 1.700000 1.733333 1.766667 1.800000 1.833333 1.866667 1.900000 1.933333 1.966667 2.000000 2.033333 2.066667 2.100000
2.133333 2.166667 2.200000 2.233333 2.266667 2.300000 2.333333 2.366667 2.400000 2.433333 2.466667 2.500000 2.533333 2.566667 2.600000 2.633333
2.666667 2.700000 2.733333 2.766667 2.800000 2.833333 2.866667 2.900000 2.933333 2.966667 3.000000 3.033333 3.066667 3.100000 3.133333 3.166667
3.200000 3.233333 3.266667 3.300000 3.333333 3.366667 3.400000 3.433333 3.466667 3.500000 3.533333 3.566667 3.600000 3.633333 3.666667 3.700000
3.733333 3.766667 3.800000 3.833333 3.866667 3.900000 3.933333 3.966667 4.000000 4.033333 4.066667 4.100000 4.133333 4.166667 4.200000 4.233333
4.266667 4.300000 4.333333 4.366667 4.400000 4.433333 4.466667 4.500000 4.533333 4.566667 4.600000 4.633333 4.666667 4.700000 4.733333 4.766667
4.800000 4.833333 4.866667 4.900000 4.933333 4.966667 5.000000 5.033333 5.066667 5.100000 5.133333 5.166667 5.200000 5.233333 5.266667 5.300000
5.333333 5.366667 5.400000 5.433333 5.466667 5.500000 5.533333 5.566667 5.600000 5.633333 5.666667 5.700000 5.733333 5.766667 5.800000 5.833333
5.866667 5.900000 5.933333 5.966667 6.000000 6.033333 6.066667 6.100000 6.133333 6.166667 6.200000 6.233333 6.266667 6.300000 6.333333 6.366667
6.400000 6.433333 6.466667 6.500000 6.533333 6.566667 6.600000 6.633333 6.666667 6.700000 6.733333 6.766667 6.800000 6.833333 6.866667 6.900000
6.933333 6.966667 7.000000 7.033333 7.066667 7.100000 7.133333 7.166667 7.200000 7.233333 7.266667 7.300000 7.333333 7.366667 7.400000 7.433333
7.466667 7.500000 7.533333 7.566667 7.600000 7.633333 7.666667 7.700000 7.733333 7.766667 7.800000 7.833333 7.866667 7.900000 7.933333 7.966667
8.000000 8.033333 8.066667 8.100000 8.133333 8.166667 8.200000 8.233333 8.266667 8.300000 8.333333 8.366667 8.400000 8.433333 8.466667 8.500000
8.533333 8.566667 8.600000 8.633333 8.666667 8.700000 8.733333 8.766667 8.800000 8.833333 8.866667 8.900000 8.933333 8.966667 9.000000 9.033333
9.066667 9.100000 9.133333 9.166667 9.200000 9.233333 9.266667 9.300000 9.333333 9.366667 9.400000 9.433333 9.466667 9.500000 9.533333 9.566667
9.600000 9.633333 9.666667 9.700000 9.733333 9.766667 9.800000 9.833333 9.866667 9.900000 9.933333 9.966667 10.000000 10.033333 10.066667 10.100000
10.133333 10.166667 10.200000 10.233333 10.266667 10.300000 10.333333 10.366667 10.400000 10.433333 10.466667 10.500000 10.533333 10.566667 10.600000 10.633333
10.666667 10.700000 10.733333 10.766667 10.800000 10.833333 10.866667</float_array><technique_common><accessor source="#Hips-Matrix-animation-input-array" count="327"><param name="TIME" type="float"/></accessor></technique_common></source><source id="Hips-Matrix-animation-output-transform"><float_array id="Hips-Matrix-animation-output-transform-array" count="5232">

0.955205 0.244776 -0.166336 3.428549 -0.125428 0.843918 0.521604 18.277412 0.268050 -0.477375 0.836817 0.798357 0.000000 0.000000 0.000000 1.000000
0.955156 0.244936 -0.166385 3.429510 -0.125455 0.843742 0.521882 18.276005 0.268214 -0.477605 0.836633 0.793913 0.000000 0.000000 0.000000 1.000000
0.955124 0.245039 -0.166416 3.428410 -0.125426 0.843543 0.522210 18.273891 0.268341 -0.477902 0.836422 0.789811 0.000000 0.000000 0.000000 1.000000
0.955115 0.244996 -0.166529 3.425919 -0.125297 0.843498 0.522313 18.273796 0.268431 -0.478004 0.836335 0.789484 0.000000 0.000000 0.000000 1.000000
0.955134 0.244755 -0.166773 3.420846 -0.125050 0.843706 0.522037 18.278315 0.268479 -0.477760 0.836459 0.794833 0.000000 0.000000 0.000000 1.000000
0.955171 0.244421 -0.167052 3.413435 -0.124754 0.844019 0.521601 18.285534 0.268485 -0.477378 0.836676 0.802471 0.000000 0.000000 0.000000 1.000000
0.955209 0.244142 -0.167241 3.406250 -0.124498 0.844222 0.521335 18.291153 0.268468 -0.477162 0.836804 0.806315 0.000000 0.000000 0.000000 1.000000
0.955244 0.243951 -0.167320 3.400912 -0.124317 0.844302 0.521247 18.293594 0.268428 -0.477118 0.836842 0.805223 0.000000 0.000000 0.000000 1.000000
0.955276 0.243800 -0.167363 3.397261 -0.124199 0.844392 0.521130 18.294411 0.268371 -0.477037 0.836907 0.803660 0.000000 0.000000 0.000000 1.000000
0.955299 0.243666 -0.167424 3.395308 -0.124113 0.844526 0.520934 18.295280 0.268328 -0.476868 0.837017 0.804525 0.000000 0.000000 0.000000 1.000000
0.955312 0.243571 -0.167488 3.395051 -0.124050 0.844638 0.520767 18.296310 0.268311 -0.476718 0.837108 0.807337 0.000000 0.000000 0.000000 1.000000
0.955315 0.243532 -0.167524 3.396078 -0.124038 0.844717 0.520642 18.297323 0.268304 -0.476598 0.837178 0.811187 0.000000 0.000000 0.000000 1.000000
0.955315 0.243528 -0.167535 3.397210 -0.124078 0.844805 0.520489 18.298203 0.268288 -0.476443 0.837271 0.815655 0.000000 0.000000 0.000000 1.000000
0.955319 0.243506 -0.167544 3.397177 -0.124121 0.844928 0.520279 18.299086 0.268253 -0.476237 0.837400 0.820181 0.000000 0.000000 0.000000 1.000000
0.955335 0.243438 -0.167550 3.395884 -0.124137 0.845077 0.520033 18.300362 0.268188 -0.476006 0.837552 0.824147 0.000000 0.000000 0.000000 1.000000
0.955356 0.243377 -0.167516 3.394186 -0.124161 0.845191 0.519843 18.300909 0.268101 -0.475836 0.837677 0.827030 0.000000 0.000000 0.000000 1.000000
0.955372 0.243405 -0.167390 3.392983 -0.124244 0.845169 0.519858 18.298401 0.268008 -0.475861 0.837692 0.828061 0.000000 0.000000 0.000000 1.000000
0.955378 0.243505 -0.167207 3.392705 -0.124368 0.845043 0.520033 18.293531 0.267928 -0.476033 0.837620 0.827445 0.000000 0.000000 0.000000 1.000000
0.955384 0.243547 -0.167108 3.392869 -0.124456 0.845030 0.520033 18.291130 0.267864 -0.476034 0.837640 0.827477 0.000000 0.000000 0.000000 1.000000
0.955403 0.243444 -0.167156 3.393041 -0.124456 0.845252 0.519672 18.293667 0.267800 -0.475693 0.837854 0.829806 0.000000 0.000000 0.000000 1.000000
0.955433 0.243268 -0.167236 3.393516 -0.124413 0.845554 0.519191 18.297779 0.267710 -0.475246 0.838136 0.833028 0.000000 0.000000 0.000000 1.000000
0.955467 0.243162 -0.167195 3.393481 -0.124421 0.845709 0.518937 18.299038 0.267584 -0.475025 0.838302 0.835295 0.000000 0.000000 0.000000 1.000000
0.955497 0.243172 -0.167012 3.392032 -0.124530 0.845707 0.518914 18.297459 0.267428 -0.475023 0.838353 0.836597 0.000000 0.000000 0.000000 1.000000
0.955519 0.243242 -0.166784 3.390360 -0.124712 0.845692 0.518895 18.295532 0.267265 -0.475014 0.838410 0.838053 0.000000 0.000000 0.000000 1.000000
0.955529 0.243321 -0.166611 3.390702 -0.124899 0.845724 0.518798 18.294239 0.267141 -0.474917 0.838504 0.840039 0.000000 0.000000 0.000000 1.000000
0.955519 0.243415 -0.166530 3.394473 -0.125056 0.845764 0.518695 18.292948 0.267103 -0.474797 0.838584 0.841611 0.000000 0.000000 0.000000 1.000000
0.955494 0.243532 -0.166504 3.401477 -0.125204 0.845802 0.518597 18.291466 0.267124 -0.474669 0.838650 0.842134 0.000000 0.000000 0.000000 1.000000
0.955469 0.243649 -0.166478 3.409347 -0.125357 0.845850 0.518482 18.290173 0.267143 -0.474524 0.838726 0.842310 0.000000 0.000000 0.000000 1.000000
0.955454 0.243734 -0.166437 3.414549 -0.125493 0.845907 0.518357 18.289717 0.267131 -0.474379 0.838812 0.843304 0.000000 0.000000 0.000000 1.000000
0.955460 0.243751 -0.166377 3.415147 -0.125588 0.845989 0.518198 18.290737 0.267064 -0.474223 0.838921 0.845785 0.000000 0.000000 0.000000 1.000000
0.955495 0.243688 -0.166267 3.412014 -0.125649 0.846099 0.518005 18.293070 0.266910 -0.474060 0.839063 0.849874 0.000000 0.000000 0.000000 1.000000
0.955546 0.243591 -0.166117 3.407784 -0.125682 0.846179 0.517866 18.294998 0.266713 -0.473967 0.839178 0.855221 0.000000 0.000000 0.000000 1.000000
0.955581 0.243503 -0.166047 3.404572 -0.125662 0.846225 0.517796 18.295729 0.266598 -0.473930 0.839235 0.861355 0.000000 0.000000 0.000000 1.000000
0.955595 0.243380 -0.166147 3.402090 -0.125558 0.846346 0.517623 18.297173 0.266597 -0.473776 0.839322 0.867785 0.000000 0.000000 0.000000 1.000000
0.955615 0.243181 -0.166322 3.398875 -0.125384 0.846546 0.517338 18.300039 0.266606 -0.473522 0.839463 0.872207 0.000000 0.000000 0.000000 1.000000
0.955647 0.242991 -0.166413 3.395153 -0.125200 0.846629 0.517248 18.301079 0.266577 -0.473472 0.839501 0.871460 0.000000 0.000000 0.000000 1.000000
0.955664 0.242913 -0.166434 3.392191 -0.125040 0.846497 0.517501 18.297768 0.266594 -0.473746 0.839340 0.866284 0.000000 0.000000 0.000000 1.000000
0.955661 0.242881 -0.166499 3.389619 -0.124895 0.846359 0.517762 18.293324 0.266672 -0.474010 0.839166 0.861647 0.000000 0.000000 0.000000 1.000000
0.955664 0.242784 -0.166619 3.386483 -0.124760 0.846399 0.517729 18.291969 0.266723 -0.473987 0.839163 0.860596 0.000000 0.000000 0.000000 1.000000
0.955686 0.242629 -0.166720 3.383244 -0.124630 0.846530 0.517547 18.293589 0.266705 -0.473834 0.839256 0.861672 0.000000 0.000000 0.000000 1.000000
0.955713 0.242483 -0.166775 3.380974 -0.124503 0.846605 0.517453 18.295746 0.266666 -0.473773 0.839302 0.863728 0.000000 0.000000 0.000000 1.000000
0.955727 0.242390 -0.166831 3.380138 -0.124403 0.846639 0.517423 18.297428 0.266664 -0.473760 0.839310 0.867882 0.000000 0.000000 0.000000 1.000000
0.955725 0.242340 -0.166915 3.380028 -0.124339 0.846694 0.517348 18.298813 0.266700 -0.473689 0.839339 0.873434 0.000000 0.000000 0.000000 1.000000
0.955722 0.242300 -0.166991 3.379408 -0.124290 0.846745 0.517277 18.299755 0.266735 -0.473617 0.839368 0.876986 0.000000 0.000000 0.000000 1.000000
0.955723 0.242268 -0.167030 3.377928 -0.124237 0.846745 0.517290 18.299725 0.266755 -0.473635 0.839352 0.876252 0.000000 0.000000 0.000000 1.000000
0.955717 0.242263 -0.167074 3.375905 -0.124186 0.846705 0.517367 18.299324 0.266802 -0.473708 0.839296 0.872483 0.000000 0.000000 0.000000 1.000000
0.955695 0.242291 -0.167162 3.374307 -0.124139 0.846658 0.517455 18.299023 0.266903 -0.473778 0.839224 0.868468 0.000000 0.000000 0.000000 1.000000
0.955670 0.242327 -0.167251 3.374166 -0.124101 0.846614 0.517536 18.298454 0.267010 -0.473838 0.839156 0.865494 0.000000 0.000000 0.000000 1.000000
0.955658 0.242365 -0.167261 3.375470 -0.124103 0.846564 0.517617 18.297205 0.267050 -0.473907 0.839105 0.863039 0.000000 0.000000 0.000000 1.000000
0.955659 0.242432 -0.167159 3.377768 -0.124173 0.846475 0.517746 18.295067 0.267014 -0.474033 0.839045 0.859709 0.000000 0.000000 0.000000 1.000000
0.955656 0.242555 -0.167001 3.380346 -0.124287 0.846317 0.517977 18.291691 0.266974 -0.474251 0.838934 0.854882 0.000000 0.000000 0.000000 1.000000
0.955641 0.242706 -0.166865 3.382043 -0.124395 0.846120 0.518274 18.287415 0.266976 -0.474526 0.838778 0.849615 0.000000 0.000000 0.000000 1.000000
0.955632 0.242833 -0.166733 3.382963 -0.124488 0.845942 0.518541 18.283421 0.266965 -0.474778 0.838639 0.844820 0.000000 0.000000 0.000000 1.000000
0.955634 0.242929 -0.166579 3.384767 -0.124587 0.845807 0.518738 18.280560 0.266910 -0.474970 0.838548 0.840328 0.000000 0.000000 0.000000 1.000000
0.955629 0.243035 -0.166457 3.387953 -0.124683 0.845677 0.518926 18.278011 0.266886 -0.475147 0.838455 0.835882 0.000000 0.000000 0.000000 1.000000
0.955599 0.243183 -0.166408 3.391495 -0.124755 0.845507 0.519186 18.274529 0.266957 -0.475374 0.838304 0.830995 0.000000 0.000000 0.000000 1.000000
0.955558 0.243353 -0.166397 3.394333 -0.124818 0.845317 0.519480 18.270615 0.267075 -0.475624 0.838124 0.825618 0.000000 0.000000 0.000000 1.000000
0.955524 0.243497 -0.166384 3.395809 -0.124869 0.845150 0.519740 18.267942 0.267174 -0.475848 0.837966 0.820227 0.000000 0.000000 0.000000 1.000000
0.955502 0.243583 -0.166382 3.396043 -0.124871 0.845006 0.519973 18.266880 0.267250 -0.476059 0.837822 0.815344 0.000000 0.000000 0.000000 1.000000
0.955490 0.243622 -0.166393 3.396142 -0.124830 0.844876 0.520195 18.265984 0.267312 -0.476270 0.837682 0.811331 0.000000 0.000000 0.000000 1.000000
0.955487 0.243647 -0.166376 3.396785 -0.124796 0.844757 0.520395 18.264151 0.267340 -0.476467 0.837561 0.807978 0.000000 0.000000 0.000000 1.000000
0.955487 0.243671 -0.166342 3.397500 -0.124785 0.844663 0.520550 18.262024 0.267346 -0.476622 0.837471 0.804940 0.000000 0.000000 0.000000 1.000000
0.955471 0.243687 -0.166407 3.397861 -0.124749 0.844634 0.520606 18.261547 0.267419 -0.476665 0.837424 0.802502 0.000000 0.000000 0.000000 1.000000
0.955436 0.243669 -0.166637 3.397978 -0.124637 0.844690 0.520543 18.263435 0.267597 -0.476576 0.837417 0.801193 0.000000 0.000000 0.000000 1.000000
0.955404 0.243603 -0.166913 3.398077 -0.124458 0.844751 0.520486 18.265409 0.267792 -0.476501 0.837397 0.800241 0.000000 0.000000 0.000000 1.000000
0.955399 0.243517 -0.167068 3.397551 -0.124276 0.844724 0.520574 18.265198 0.267895 -0.476593 0.837312 0.797684 0.000000 0.000000 0.000000 1.000000
0.955418 0.243456 -0.167050 3.394499 -0.124162 0.844606 0.520793 18.262989 0.267881 -0.476834 0.837179 0.793164 0.000000 0.000000 0.000000 1.000000
0.955446 0.243446 -0.166902 3.388541 -0.124158 0.844473 0.521008 18.260561 0.267782 -0.477073 0.837075 0.788938 0.000000 0.000000 0.000000 1.000000
0.955469 0.243476 -0.166731 3.383282 -0.124246 0.844414 0.521084 18.259590 0.267662 -0.477164 0.837062 0.787259 0.000000 0.000000 0.000000 1.000000
0.955476 0.243513 -0.166633 3.382710 -0.124343 0.844427 0.521039 18.260044 0.267589 -0.477120 0.837109 0.788660 0.000000 0.000000 0.000000 1.000000
0.955468 0.243553 -0.166622 3.386702 -0.124391 0.844435 0.521015 18.260498 0.267596 -0.477087 0.837126 0.792503 0.000000 0.000000 0.000000 1.000000
0.955452 0.243611 -0.166626 3.391962 -0.124427 0.844402 0.521060 18.260317 0.267636 -0.477115 0.837098 0.796999 0.000000 0.000000 0.000000 1.000000
0.955445 0.243685 -0.166559 3.395640 -0.124506 0.844352 0.521122 18.259838 0.267624 -0.477166 0.837072 0.799026 0.000000 0.000000 0.000000 1.000000
0.955453 0.243750 -0.166422 3.397282 -0.124604 0.844283 0.521210 18.258934 0.267552 -0.477255 0.837045 0.796429 0.000000 0.000000 0.000000 1.000000
0.955468 0.243776 -0.166294 3.397284 -0.124651 0.844199 0.521335 18.257881 0.267474 -0.477391 0.836992 0.790926 0.000000 0.000000 0.000000 1.000000
0.955483 0.243762 -0.166231 3.395176 -0.124644 0.844149 0.521418 18.257988 0.267425 -0.477486 0.836953 0.787024 0.000000 0.000000 0.000000 1.000000
0.955486 0.243756 -0.166223 3.392102 -0.124649 0.844160 0.521399 18.259480 0.267413 -0.477470 0.836967 0.786252 0.000000 0.000000 0.000000 1.000000
0.955472 0.243809 -0.166225 3.391694 -0.124712 0.844182 0.521347 18.260651 0.267433 -0.477403 0.836998 0.786005 0.000000 0.000000 0.000000 1.000000
0.955450 0.243916 -0.166191 3.395594 -0.124820 0.844161 0.521357 18.260311 0.267459 -0.477387 0.836999 0.785213 0.000000 0.000000 0.000000 1.000000
0.955439 0.244010 -0.166120 3.401771 -0.124915 0.844102 0.521429 18.259239 0.267456 -0.477443 0.836968 0.785550 0.000000 0.000000 0.000000 1.000000
0.955441 0.244052 -0.166045 3.407320 -0.124959 0.844032 0.521531 18.258446 0.267428 -0.477543 0.836920 0.787244 0.000000 0.000000 0.000000 1.000000
0.955449 0.244067 -0.165979 3.410323 -0.124965 0.843956 0.521654 18.257874 0.267397 -0.477672 0.836856 0.787689 0.000000 0.000000 0.000000 1.000000
0.955456 0.244090 -0.165904 3.410162 -0.124988 0.843882 0.521767 18.257278 0.267361 -0.477789 0.836801 0.785258 0.000000 0.000000 0.000000 1.000000
0.955461 0.244119 -0.165834 3.407453 -0.125029 0.843838 0.521829 18.256790 0.267325 -0.477853 0.836776 0.781055 0.000000 0.000000 0.000000 1.000000
0.955471 0.244109 -0.165791 3.403776 -0.125022 0.843803 0.521887 18.256866 0.267293 -0.477920 0.836748 0.775854 0.000000 0.000000 0.000000 1.000000
0.955491 0.244058 -0.165747 3.400916 -0.124963 0.843739 0.522005 18.257490 0.267247 -0.478059 0.836683 0.770567 0.000000 0.000000 0.000000 1.000000
0.955511 0.244044 -0.165653 3.400203 -0.124947 0.843644 0.522163 18.257759 0.267183 -0.478234 0.836603 0.767422 0.000000 0.000000 0.000000 1.000000
0.955516 0.244125 -0.165509 3.401737 -0.125046 0.843541 0.522304 18.256716 0.267121 -0.478374 0.836544 0.767321 0.000000 0.000000 0.000000 1.000000
0.955511 0.244268 -0.165325 3.405108 -0.125230 0.843447 0.522413 18.254711 0.267051 -0.478467 0.836512 0.767981 0.000000 0.000000 0.000000 1.000000
0.955508 0.244425 -0.165107 3.410155 -0.125449 0.843356 0.522507 18.252914 0.266958 -0.478548 0.836496 0.767038 0.000000 0.000000 0.000000 1.000000
0.955503 0.244591 -0.164893 3.415776 -0.125673 0.843263 0.522603 18.251749 0.266872 -0.478626 0.836478 0.765224 0.000000 0.000000 0.000000 1.000000
0.955483 0.244775 -0.164734 3.420820 -0.125881 0.843165 0.522710 18.250547 0.266844 -0.478704 0.836443 0.764421 0.000000 0.000000 0.000000 1.000000
0.955453 0.244944 -0.164659 3.426002 -0.126042 0.843089 0.522795 18.248999 0.266877 -0.478752 0.836405 0.764746 0.000000 0.000000 0.000000 1.000000
0.955427 0.245042 -0.164663 3.431045 -0.126125 0.843076 0.522796 18.248247 0.266930 -0.478725 0.836403 0.765997 0.000000 0.000000 0.000000 1.000000
0.955417 0.245048 -0.164712 3.433613 -0.126121 0.843105 0.522750 18.248905 0.266968 -0.478670 0.836423 0.768129 0.000000 0.000000 0.000000 1.000000
0.955418 0.245008 -0.164767 3.432808 -0.126050 0.843101 0.522773 18.249916 0.266998 -0.478698 0.836397 0.769643 0.000000 0.000000 0.000000 1.000000
0.955422 0.244963 -0.164809 3.429545 -0.125950 0.843038 0.522899 18.250038 0.267031 -0.478831 0.836310 0.768858 0.000000 0.000000 0.000000 1.000000
0.955428 0.244933 -0.164817 3.425374 -0.125873 0.842961 0.523042 18.249193 0.267045 -0.478983 0.836219 0.766400 0.000000 0.000000 0.000000 1.000000
0.955430 0.244922 -0.164823 3.422733 -0.125835 0.842918 0.523120 18.248144 0.267056 -0.479064 0.836169 0.764622 0.000000 0.000000 0.000000 1.000000
0.955420 0.244912 -0.164894 3.423142 -0.125781 0.842908 0.523150 18.247681 0.267116 -0.479087 0.836137 0.764947 0.000000 0.000000 0.000000 1.000000
0.955405 0.244875 -0.165040 3.424948 -0.125665 0.842906 0.523181 18.248262 0.267227 -0.479110 0.836088 0.767611 0.000000 0.000000 0.000000 1.000000
0.955395 0.244806 -0.165200 3.424980 -0.125526 0.842931 0.523174 18.249887 0.267328 -0.479100 0.836061 0.771924 0.000000 0.000000 0.000000 1.000000
0.955398 0.244716 -0.165315 3.421651 -0.125415 0.843001 0.523087 18.252378 0.267368 -0.479024 0.836093 0.775539 0.000000 0.000000 0.000000 1.000000
0.955420 0.244590 -0.165370 3.415706 -0.125320 0.843099 0.522952 18.255192 0.267332 -0.478915 0.836166 0.776427 0.000000 0.000000 0.000000 1.000000
0.955459 0.244418 -0.165401 3.409428 -0.125206 0.843221 0.522783 18.257988 0.267247 -0.478788 0.836266 0.775856 0.000000 0.000000 0.000000 1.000000
0.955496 0.244234 -0.165460 3.404846 -0.125079 0.843364 0.522582 18.260807 0.267175 -0.478630 0.836380 0.776966 0.000000 0.000000 0.000000 1.000000
0.955511 0.244103 -0.165567 3.402705 -0.124966 0.843492 0.522403 18.263432 0.267174 -0.478472 0.836470 0.780707 0.000000 0.000000 0.000000 1.000000
0.955504 0.244040 -0.165703 3.402490 -0.124882 0.843583 0.522276 18.265490 0.267240 -0.478343 0.836523 0.785262 0.000000 0.000000 0.000000 1.000000
0.955492 0.243993 -0.165839 3.402668 -0.124815 0.843677 0.522139 18.267662 0.267313 -0.478201 0.836581 0.788955 0.000000 0.000000 0.000000 1.000000
0.955492 0.243905 -0.165970 3.402248 -0.124737 0.843816 0.521935 18.271120 0.267351 -0.478002 0.836683 0.791658 0.000000 0.000000 0.000000 1.000000
0.955494 0.243813 -0.166089 3.402242 -0.124654 0.843940 0.521754 18.274582 0.267380 -0.477830 0.836772 0.792719 0.000000 0.000000 0.000000 1.000000
0.955484 0.243813 -0.166150 3.403912 -0.124618 0.843936 0.521768 18.275124 0.267433 -0.477835 0.836751 0.790393 0.000000 0.000000 0.000000 1.000000
0.955464 0.243912 -0.166118 3.406872 -0.124664 0.843817 0.521951 18.272663 0.267483 -0.477996 0.836644 0.785365 0.000000 0.000000 0.000000 1.000000
0.955450 0.244028 -0.166026 3.409582 -0.124762 0.843705 0.522108 18.270342 0.267486 -0.478135 0.836563 0.781075 0.000000 0.000000 0.000000 1.000000
0.955446 0.244095 -0.165956 3.411071 -0.124844 0.843668 0.522148 18.270029 0.267465 -0.478165 0.836553 0.779880 0.000000 0.000000 0.000000 1.000000
0.955441 0.244128 -0.165934 3.412235 -0.124887 0.843666 0.522140 18.270191 0.267463 -0.478151 0.836562 0.781579 0.000000 0.000000 0.000000 1.000000
0.955434 0.244178 -0.165903 3.414506 -0.124945 0.843654 0.522147 18.269007 0.267461 -0.478148 0.836564 0.784741 0.000000 0.000000 0.000000 1.000000
0.955430 0.244247 -0.165825 3.417212 -0.125045 0.843641 0.522143 18.267252 0.267429 -0.478136 0.836581 0.787294 0.000000 0.000000 0.000000 1.000000
0.955435 0.244274 -0.165753 3.418388 -0.125125 0.843665 0.522086 18.266747 0.267372 -0.478079 0.836632 0.787323 0.000000 0.000000 0.000000 1.000000
0.955451 0.244219 -0.165739 3.417297 -0.125123 0.843743 0.521960 18.267736 0.267314 -0.477970 0.836712 0.785271 0.000000 0.000000 0.000000 1.000000
0.955470 0.244133 -0.165756 3.415023 -0.125081 0.843832 0.521826 18.268574 0.267265 -0.477856 0.836793 0.783658 0.000000 0.000000 0.000000 1.000000
0.955483 0.244112 -0.165718 3.413741 -0.125092 0.843850 0.521794 18.267204 0.267217 -0.477835 0.836820 0.783398 0.000000 0.000000 0.000000 1.000000
0.955488 0.244155 -0.165624 3.414817 -0.125167 0.843818 0.521828 18.264698 0.267164 -0.477869 0.836818 0.784121 0.000000 0.000000 0.000000 1.000000
0.955494 0.244143 -0.165609 3.416721 -0.125217 0.843914 0.521661 18.265175 0.267119 -0.477707 0.836925 0.787419 0.000000 0.000000 0.000000 1.000000
0.955506 0.243991 -0.165761 3.416874 -0.125168 0.844235 0.521152 18.270653 0.267097 -0.477216 0.837212 0.795224 0.000000 0.000000 0.000000 1.000000
0.955523 0.243771 -0.165985 3.414895 -0.125065 0.844644 0.520514 18.278183 0.267084 -0.476604 0.837565 0.805305 0.000000 0.000000 0.000000 1.000000
0.955538 0.243616 -0.166127 3.412701 -0.124999 0.844930 0.520066 18.283508 0.267062 -0.476177 0.837815 0.812703 0.000000 0.000000 0.000000 1.000000
0.955549 0.243545 -0.166166 3.411606 -0.124982 0.845058 0.519862 18.285477 0.267030 -0.475986 0.837933 0.816046 0.000000 0.000000 0.000000 1.000000
0.955565 0.243471 -0.166187 3.410638 -0.124956 0.845158 0.519705 18.286104 0.266987 -0.475846 0.838026 0.818440 0.000000 0.000000 0.000000 1.000000
0.955587 0.243341 -0.166247 3.408137 -0.124882 0.845307 0.519481 18.287310 0.266941 -0.475648 0.838154 0.821771 0.000000 0.000000 0.000000 1.000000
0.955612 0.243188 -0.166328 3.404023 -0.124779 0.845462 0.519254 18.289104 0.266900 -0.475452 0.838278 0.824988 0.000000 0.000000 0.000000 1.000000
0.955634 0.243061 -0.166387 3.400076 -0.124698 0.845593 0.519059 18.290787 0.266859 -0.475282 0.838387 0.827621 0.000000 0.000000 0.000000 1.000000
0.955656 0.242960 -0.166406 3.397759 -0.124664 0.845722 0.518857 18.292027 0.266795 -0.475105 0.838508 0.830407 0.000000 0.000000 0.000000 1.000000
0.955688 0.242847 -0.166391 3.396805 -0.124640 0.845858 0.518642 18.293024 0.266694 -0.474921 0.838644 0.833663 0.000000 0.000000 0.000000 1.000000
0.955727 0.242706 -0.166370 3.395902 -0.124595 0.845998 0.518424 18.294401 0.266573 -0.474743 0.838783 0.837354 0.000000 0.000000 0.000000 1.000000
0.955761 0.242589 -0.166348 3.394143 -0.124559 0.846113 0.518245 18.295689 0.266469 -0.474598 0.838898 0.841292 0.000000 0.000000 0.000000 1.000000
0.955776 0.242568 -0.166290 3.392298 -0.124584 0.846137 0.518200 18.295006 0.266403 -0.474566 0.838938 0.844436 0.000000 0.000000 0.000000 1.000000
0.955773 0.242633 -0.166214 3.391708 -0.124660 0.846087 0.518264 18.292488 0.266380 -0.474623 0.838913 0.846317 0.000000 0.000000 0.000000 1.000000
0.955758 0.242681 -0.166230 3.392308 -0.124712 0.846114 0.518207 18.291565 0.266408 -0.474549 0.838946 0.848554 0.000000 0.000000 0.000000 1.000000
0.955739 0.242649 -0.166389 3.393056 -0.124707 0.846314 0.517882 18.294304 0.266481 -0.474210 0.839115 0.852307 0.000000 0.000000 0.000000 1.000000
0.955718 0.242588 -0.166593 3.393821 -0.124685 0.846575 0.517459 18.298523 0.266563 -0.473773 0.839335 0.856400 0.000000 0.000000 0.000000 1.000000
0.955703 0.242577 -0.166697 3.395222 -0.124685 0.846693 0.517266 18.300800 0.266618 -0.473568 0.839433 0.858720 0.000000 0.000000 0.000000 1.000000
0.955701 0.242608 -0.166661 3.397122 -0.124694 0.846621 0.517382 18.300549 0.266620 -0.473681 0.839369 0.858976 0.000000 0.000000 0.000000 1.000000
0.955714 0.242627 -0.166559 3.398597 -0.124691 0.846487 0.517602 18.299252 0.266575 -0.473911 0.839253 0.858374 0.000000 0.000000 0.000000 1.000000
0.955738 0.242603 -0.166458 3.399193 -0.124670 0.846391 0.517765 18.297733 0.266500 -0.474095 0.839173 0.856841 0.000000 0.000000 0.000000 1.000000
0.955770 0.242549 -0.166357 3.398904 -0.124633 0.846322 0.517886 18.296185 0.266404 -0.474246 0.839118 0.852832 0.000000 0.000000 0.000000 1.000000
0.955801 0.242490 -0.166264 3.397565 -0.124589 0.846256 0.518005 18.295029 0.266313 -0.474394 0.839063 0.846869 0.000000 0.000000 0.000000 1.000000
0.955822 0.242438 -0.166219 3.395066 -0.124537 0.846208 0.518095 18.294746 0.266261 -0.474506 0.839017 0.841825 0.000000 0.000000 0.000000 1.000000
0.955832 0.242378 -0.166246 3.392195 -0.124461 0.846200 0.518126 18.295353 0.266260 -0.474550 0.838992 0.839494 0.000000 0.000000 0.000000 1.000000
0.955837 0.242308 -0.166321 3.390295 -0.124364 0.846218 0.518120 18.296715 0.266289 -0.474554 0.838981 0.839530 0.000000 0.000000 0.000000 1.000000
0.955839 0.242270 -0.166365 3.389593 -0.124296 0.846206 0.518157 18.297768 0.266313 -0.474596 0.838949 0.840867 0.000000 0.000000 0.000000 1.000000
0.955837 0.242317 -0.166309 3.389254 -0.124318 0.846110 0.518308 18.296978 0.266311 -0.474743 0.838867 0.842282 0.000000 0.000000 0.000000 1.000000
0.955828 0.242430 -0.166195 3.388862 -0.124412 0.845974 0.518508 18.294893 0.266299 -0.474927 0.838766 0.843346 0.000000 0.000000 0.000000 1.000000
0.955815 0.242513 -0.166146 3.388993 -0.124482 0.845911 0.518594 18.293869 0.266310 -0.474998 0.838723 0.844268 0.000000 0.000000 0.000000 1.000000
0.955802 0.242542 -0.166183 3.390412 -0.124486 0.845904 0.518604 18.293842 0.266358 -0.474995 0.838709 0.844392 0.000000 0.000000 0.000000 1.000000
0.955784 0.242599 -0.166199 3.393122 -0.124480 0.845810 0.518758 18.292191 0.266423 -0.475132 0.838611 0.842653 0.000000 0.000000 0.000000 1.000000
0.955766 0.242718 -0.166131 3.396213 -0.124507 0.845590 0.519111 18.288378 0.266476 -0.475464 0.838406 0.839008 0.000000 0.000000 0.000000 1.000000
0.955752 0.242837 -0.166039 3.398592 -0.124540 0.845357 0.519481 18.284369 0.266512 -0.475817 0.838195 0.834251 0.000000 0.000000 0.000000 1.000000
0.955742 0.242911 -0.165987 3.399698 -0.124550 0.845196 0.519741 18.281460 0.266543 -0.476064 0.838044 0.828937 0.000000 0.000000 0.000000 1.000000
0.955737 0.242955 -0.165949 3.399936 -0.124538 0.845064 0.519959 18.279163 0.266565 -0.476278 0.837916 0.822794 0.000000 0.000000 0.000000 1.000000
0.955737 0.243006 -0.165876 3.400426 -0.124532 0.844894 0.520236 18.276588 0.266568 -0.476553 0.837759 0.815701 0.000000 0.000000 0.000000 1.000000
0.955729 0.243104 -0.165779 3.402082 -0.124572 0.844704 0.520535 18.273632 0.266578 -0.476839 0.837592 0.809193 0.000000 0.000000 0.000000 1.000000
0.955700 0.243265 -0.165710 3.405000 -0.124672 0.844540 0.520778 18.270445 0.266636 -0.477048 0.837455 0.805153 0.000000 0.000000 0.000000 1.000000
0.955660 0.243449 -0.165672 3.409052 -0.124793 0.844405 0.520966 18.267345 0.266723 -0.477192 0.837345 0.803334 0.000000 0.000000 0.000000 1.000000
0.955628 0.243602 -0.165626 3.413856 -0.124897 0.844283 0.521140 18.264994 0.266787 -0.477330 0.837246 0.802629 0.000000 0.000000 0.000000 1.000000
0.955608 0.243730 -0.165555 3.418214 -0.124995 0.844171 0.521297 18.263657 0.266813 -0.477463 0.837162 0.802412 0.000000 0.000000 0.000000 1.000000
0.955593 0.243850 -0.165469 3.420811 -0.125105 0.844078 0.521422 18.263012 0.266818 -0.477566 0.837102 0.801998 0.000000 0.000000 0.000000 1.000000
0.955587 0.243921 -0.165396 3.420897 -0.125178 0.844016 0.521504 18.263121 0.266802 -0.477639 0.837065 0.800792 0.000000 0.000000 0.000000 1.000000
0.955597 0.243880 -0.165398 3.418573 -0.125141 0.844023 0.521502 18.265310 0.266783 -0.477648 0.837066 0.799217 0.000000 0.000000 0.000000 1.000000
0.955612 0.243733 -0.165531 3.415419 -0.124983 0.844122 0.521380 18.269953 0.266806 -0.477548 0.837115 0.798294 0.000000 0.000000 0.000000 1.000000
0.955614 0.243589 -0.165732 3.413770 -0.124795 0.844228 0.521254 18.274481 0.266887 -0.477435 0.837154 0.797884 0.000000 0.000000 0.000000 1.000000
0.955601 0.243552 -0.165861 3.413956 -0.124682 0.844213 0.521305 18.275726 0.266987 -0.477479 0.837097 0.796855 0.000000 0.000000 0.000000 1.000000
0.955583 0.243605 -0.165885 3.414368 -0.124658 0.844103 0.521489 18.274130 0.267061 -0.477647 0.836978 0.795183 0.000000 0.000000 0.000000 1.000000
0.955564 0.243675 -0.165891 3.414008 -0.124671 0.844012 0.521632 18.272511 0.267123 -0.477771 0.836887 0.793684 0.000000 0.000000 0.000000 1.000000
0.955540 0.243734 -0.165944 3.413214 -0.124669 0.843961 0.521716 18.271906 0.267210 -0.477832 0.836824 0.792510 0.000000 0.000000 0.000000 1.000000
0.955516 0.243783 -0.166009 3.412945 -0.124642 0.843893 0.521832 18.271046 0.267308 -0.477927 0.836739 0.790782 0.000000 0.000000 0.000000 1.000000
0.955501 0.243830 -0.166025 3.413589 -0.124624 0.843795 0.521996 18.269382 0.267369 -0.478077 0.836634 0.789147 0.000000 0.000000 0.000000 1.000000
0.955496 0.243877 -0.165985 3.414286 -0.124639 0.843702 0.522143 18.267910 0.267380 -0.478217 0.836550 0.790516 0.000000 0.000000 0.000000 1.000000
0.955497 0.243904 -0.165939 3.414620 -0.124658 0.843645 0.522230 18.267405 0.267368 -0.478304 0.836505 0.795573 0.000000 0.000000 0.000000 1.000000
0.955503 0.243895 -0.165919 3.415318 -0.124652 0.843630 0.522255 18.267353 0.267350 -0.478335 0.836493 0.800368 0.000000 0.000000 0.000000 1.000000
0.955513 0.243877 -0.165890 3.416527 -0.124644 0.843619 0.522274 18.266731 0.267319 -0.478362 0.836487 0.801493 0.000000 0.000000 0.000000 1.000000
0.955517 0.243919 -0.165803 3.417773 -0.124684 0.843533 0.522403 18.264641 0.267285 -0.478492 0.836423 0.799775 0.000000 0.000000 0.000000 1.000000
0.955509 0.244032 -0.165685 3.418943 -0.124769 0.843375 0.522639 18.261677 0.267275 -0.478714 0.836300 0.797707 0.000000 0.000000 0.000000 1.000000
0.955492 0.244120 -0.165651 3.419791 -0.124826 0.843296 0.522753 18.260616 0.267307 -0.478809 0.836235 0.797238 0.000000 0.000000 0.000000 1.000000
0.955480 0.244092 -0.165761 3.419995 -0.124796 0.843397 0.522598 18.263092 0.267365 -0.478645 0.836310 0.798378 0.000000 0.000000 0.000000 1.000000
0.955477 0.243998 -0.165917 3.420110 -0.124716 0.843568 0.522341 18.266670 0.267412 -0.478392 0.836440 0.799230 0.000000 0.000000 0.000000 1.000000
0.955477 0.243955 -0.165978 3.420382 -0.124676 0.843628 0.522252 18.267807 0.267430 -0.478306 0.836483 0.798354 0.000000 0.000000 0.000000 1.000000
0.955475 0.244000 -0.165927 3.420447 -0.124712 0.843566 0.522344 18.266491 0.267423 -0.478393 0.836436 0.796664 0.000000 0.000000 0.000000 1.000000
0.955470 0.244073 -0.165847 3.420490 -0.124786 0.843496 0.522440 18.265181 0.267404 -0.478480 0.836392 0.795628 0.000000 0.000000 0.000000 1.000000
0.955469 0.244116 -0.165789 3.420956 -0.124844 0.843468 0.522470 18.264931 0.267381 -0.478507 0.836384 0.795201 0.000000 0.000000 0.000000 1.000000
0.955471 0.244139 -0.165745 3.421857 -0.124879 0.843451 0.522490 18.264708 0.267358 -0.478526 0.836380 0.794668 0.000000 0.000000 0.000000 1.000000
0.955469 0.244187 -0.165684 3.423087 -0.124950 0.843433 0.522502 18.263927 0.267331 -0.478533 0.836385 0.794504 0.000000 0.000000 0.000000 1.000000
0.955463 0.244283 -0.165581 3.424809 -0.125096 0.843430 0.522471 18.263157 0.267287 -0.478488 0.836425 0.795764 0.000000 0.000000 0.000000 1.000000
0.955453 0.244403 -0.165456 3.427435 -0.125280 0.843431 0.522426 18.263096 0.267233 -0.478425 0.836478 0.798079 0.000000 0.000000 0.000000 1.000000
0.955439 0.244524 -0.165364 3.431288 -0.125431 0.843406 0.522431 18.263485 0.267216 -0.478409 0.836493 0.800157 0.000000 0.000000 0.000000 1.000000
0.955416 0.244655 -0.165299 3.435404 -0.125547 0.843325 0.522533 18.263103 0.267242 -0.478483 0.836442 0.801244 0.000000 0.000000 0.000000 1.000000
0.955389 0.244825 -0.165205 3.438399 -0.125670 0.843163 0.522764 18.260862 0.267281 -0.478682 0.836316 0.800704 0.000000 0.000000 0.000000 1.000000
0.955358 0.245017 -0.165100 3.440514 -0.125792 0.842951 0.523078 18.257359 0.267334 -0.478959 0.836141 0.798071 0.000000 0.000000 0.000000 1.000000
0.955329 0.245157 -0.165060 3.442527 -0.125849 0.842772 0.523352 18.254467 0.267411 -0.479200 0.835977 0.794392 0.000000 0.000000 0.000000 1.000000
0.955314 0.245205 -0.165077 3.444232 -0.125817 0.842649 0.523557 18.252686 0.267481 -0.479392 0.835845 0.790846 0.000000 0.000000 0.000000 1.000000
0.955312 0.245189 -0.165109 3.444656 -0.125731 0.842554 0.523731 18.251598 0.267526 -0.479567 0.835730 0.788153 0.000000 0.000000 0.000000 1.000000
0.955312 0.245164 -0.165149 3.443193 -0.125642 0.842476 0.523878 18.251076 0.267570 -0.479717 0.835630 0.786236 0.000000 0.000000 0.000000 1.000000
0.955301 0.245165 -0.165211 3.440574 -0.125581 0.842426 0.523973 18.250927 0.267638 -0.479804 0.835558 0.784338 0.000000 0.000000 0.000000 1.000000
0.955282 0.245174 -0.165305 3.438406 -0.125536 0.842422 0.523990 18.250957 0.267725 -0.479807 0.835529 0.782845 0.000000 0.000000 0.000000 1.000000
0.955268 0.245144 -0.165430 3.437479 -0.125454 0.842450 0.523964 18.251137 0.267813 -0.479773 0.835520 0.782944 0.000000 0.000000 0.000000 1.000000
0.955265 0.245059 -0.165573 3.437048 -0.125315 0.842487 0.523939 18.251770 0.267889 -0.479752 0.835508 0.784845 0.000000 0.000000 0.000000 1.000000
0.955268 0.244952 -0.165717 3.435972 -0.125171 0.842554 0.523865 18.253498 0.267947 -0.479688 0.835526 0.787750 0.000000 0.000000 0.000000 1.000000
0.955272 0.244850 -0.165846 3.434177 -0.125068 0.842670 0.523703 18.256124 0.267982 -0.479536 0.835602 0.790338 0.000000 0.000000 0.000000 1.000000
0.955286 0.244731 -0.165939 3.431651 -0.124981 0.842809 0.523501 18.258886 0.267972 -0.479354 0.835710 0.791868 0.000000 0.000000 0.000000 1.000000
0.955317 0.244572 -0.165994 3.428258 -0.124878 0.842952 0.523295 18.261806 0.267908 -0.479183 0.835828 0.793429 0.000000 0.000000 0.000000 1.000000
0.955354 0.244401 -0.166032 3.424571 -0.124783 0.843109 0.523064 18.265282 0.267820 -0.478993 0.835965 0.796373 0.000000 0.000000 0.000000 1.000000
0.955383 0.244268 -0.166062 3.421576 -0.124733 0.843278 0.522803 18.269070 0.267740 -0.478764 0.836122 0.800306 0.000000 0.000000 0.000000 1.000000
0.955399 0.244176 -0.166105 3.419487 -0.124717 0.843448 0.522533 18.272591 0.267692 -0.478512 0.836282 0.804055 0.000000 0.000000 0.000000 1.000000
0.955403 0.244083 -0.166219 3.418571 -0.124668 0.843632 0.522248 18.276104 0.267699 -0.478235 0.836438 0.807114 0.000000 0.000000 0.000000 1.000000
0.955398 0.243944 -0.166450 3.419607 -0.124540 0.843865 0.521902 18.280529 0.267776 -0.477894 0.836608 0.809766 0.000000 0.000000 0.000000 1.000000
0.955385 0.243797 -0.166740 3.422526 -0.124376 0.844107 0.521550 18.285204 0.267899 -0.477543 0.836769 0.812130 0.000000 0.000000 0.000000 1.000000
0.955365 0.243720 -0.166968 3.425404 -0.124257 0.844248 0.521349 18.288164 0.268026 -0.477332 0.836849 0.813331 0.000000 0.000000 0.000000 1.000000
0.955348 0.243703 -0.167091 3.425668 -0.124200 0.844293 0.521291 18.289213 0.268114 -0.477262 0.836861 0.813361 0.000000 0.000000 0.000000 1.000000
0.955347 0.243659 -0.167159 3.422550 -0.124155 0.844355 0.521201 18.290007 0.268137 -0.477174 0.836904 0.814088 0.000000 0.000000 0.000000 1.000000
0.955370 0.243522 -0.167227 3.417598 -0.124066 0.844495 0.520996 18.291878 0.268097 -0.476996 0.837018 0.816901 0.000000 0.000000 0.000000 1.000000
0.955410 0.243318 -0.167300 3.412853 -0.123932 0.844676 0.520734 18.294891 0.268018 -0.476780 0.837166 0.821600 0.000000 0.000000 0.000000 1.000000
0.955451 0.243124 -0.167344 3.409172 -0.123827 0.844862 0.520457 18.298328 0.267918 -0.476549 0.837329 0.827505 0.000000 0.000000 0.000000 1.000000
0.955485 0.242990 -0.167345 3.406223 -0.123800 0.845042 0.520170 18.301321 0.267810 -0.476297 0.837507 0.833338 0.000000 0.000000 0.000000 1.000000
0.955511 0.242895 -0.167333 3.403321 -0.123811 0.845214 0.519889 18.303844 0.267711 -0.476042 0.837684 0.837595 0.000000 0.000000 0.000000 1.000000
0.955535 0.242803 -0.167328 3.400753 -0.123814 0.845369 0.519636 18.306690 0.267623 -0.475813 0.837842 0.840155 0.000000 0.000000 0.000000 1.000000
0.955556 0.242736 -0.167310 3.399611 -0.123817 0.845471 0.519469 18.309631 0.267550 -0.475666 0.837950 0.842793 0.000000 0.000000 0.000000 1.000000
0.955562 0.242750 -0.167254 3.400368 -0.123859 0.845468 0.519464 18.310734 0.267508 -0.475664 0.837964 0.846235 0.000000 0.000000 0.000000 1.000000
0.955552 0.242837 -0.167187 3.402694 -0.123942 0.845402 0.519551 18.309441 0.267506 -0.475736 0.837923 0.849391 0.000000 0.000000 0.000000 1.000000
0.955534 0.242911 -0.167180 3.405467 -0.124017 0.845403 0.519531 18.308060 0.267535 -0.475696 0.837937 0.851362 0.000000 0.000000 0.000000 1.000000
0.955518 0.242933 -0.167239 3.407815 -0.124048 0.845478 0.519402 18.307966 0.267577 -0.475553 0.838005 0.851051 0.000000 0.000000 0.000000 1.000000
0.955507 0.242953 -0.167274 3.409468 -0.124058 0.845496 0.519371 18.307632 0.267612 -0.475511 0.838017 0.847960 0.000000 0.000000 0.000000 1.000000
0.955503 0.243005 -0.167223 3.409720 -0.124088 0.845412 0.519501 18.305811 0.267614 -0.475634 0.837947 0.844482 0.000000 0.000000 0.000000 1.000000
0.955508 0.243063 -0.167110 3.408815 -0.124164 0.845338 0.519603 18.303638 0.267561 -0.475736 0.837906 0.843212 0.000000 0.000000 0.000000 1.000000
0.955522 0.243091 -0.166987 3.408084 -0.124280 0.845379 0.519509 18.302765 0.267455 -0.475649 0.837989 0.844814 0.000000 0.000000 0.000000 1.000000
0.955545 0.243065 -0.166893 3.407748 -0.124382 0.845512 0.519267 18.303661 0.267325 -0.475425 0.838158 0.848884 0.000000 0.000000 0.000000 1.000000
0.955574 0.242997 -0.166823 3.407264 -0.124431 0.845648 0.519034 18.305456 0.267198 -0.475217 0.838316 0.854103 0.000000 0.000000 0.000000 1.000000
0.955601 0.242931 -0.166764 3.406854 -0.124464 0.845761 0.518841 18.307163 0.267086 -0.475049 0.838447 0.858973 0.000000 0.000000 0.000000 1.000000
0.955619 0.242886 -0.166731 3.406451 -0.124507 0.845883 0.518633 18.308353 0.267004 -0.474856 0.838583 0.862809 0.000000 0.000000 0.000000 1.000000
0.955626 0.242840 -0.166756 3.405132 -0.124518 0.846006 0.518430 18.309193 0.266972 -0.474661 0.838703 0.865201 0.000000 0.000000 0.000000 1.000000
0.955629 0.242769 -0.166845 3.402370 -0.124453 0.846098 0.518296 18.310242 0.266993 -0.474534 0.838768 0.866152 0.000000 0.000000 0.000000 1.000000
0.955635 0.242674 -0.166947 3.398691 -0.124341 0.846158 0.518225 18.311802 0.267023 -0.474475 0.838792 0.866107 0.000000 0.000000 0.000000 1.000000
0.955648 0.242587 -0.167001 3.395407 -0.124252 0.846200 0.518176 18.313423 0.267019 -0.474443 0.838811 0.865585 0.000000 0.000000 0.000000 1.000000
0.955655 0.242540 -0.167026 3.393390 -0.124212 0.846231 0.518135 18.314556 0.267011 -0.474412 0.838832 0.865464 0.000000 0.000000 0.000000 1.000000
0.955651 0.242528 -0.167066 3.392472 -0.124179 0.846233 0.518140 18.314848 0.267040 -0.474415 0.838820 0.866148 0.000000 0.000000 0.000000 1.000000
